# Train Val
5.239584585030873320e+00 3.949413299560546875e-01
-6.662041135132312775e-01 -2.318287452061971177e+00
-2.828211168448130142e+00 -3.197245995203653823e+00
-3.432600160439809311e+00 -3.898140192031860352e+00
-4.423181573549906709e+00 -5.153645038604736328e+00
-5.852053364117939971e+00 -6.535098711649577119e+00
-6.841964562733967803e+00 -7.002561251322428681e+00
-7.805367946624755859e+00 -8.262272516886392637e+00
-1.032899006207784076e+01 -1.313400777180989643e+01
-1.472843178113301654e+01 -1.693207804361979285e+01
-1.548798084259033203e+01 -1.492865212758382221e+01
-1.685883633295695105e+01 -2.144661394755045691e+01
-1.686069496472676477e+01 -1.438662274678548236e+01
-1.716574835777282715e+01 -1.960545794169108191e+01
-1.914050277074177941e+01 -2.060336939493815223e+01
-2.202395900090535363e+01 -2.291268475850423059e+01
-2.343164428075154504e+01 -2.121654574076334754e+01
-2.074757162729899207e+01 -1.500154431660970111e+01
-1.679583160082499305e+01 -1.789177703857421875e+01
-1.956881952285766602e+01 -2.161046600341796875e+01
-1.942357460657755652e+01 -1.521001116434733014e+01
-1.977820022900899133e+01 -2.130546188354492188e+01
-2.256108999252319336e+01 -2.004958216349283973e+01
-2.296492640177408973e+01 -2.376622009277343750e+01
-2.413142665227254113e+01 -2.392377408345540246e+01
-2.282639789581298828e+01 -2.045740509033203125e+01
-2.300633255640665809e+01 -2.091242726643880090e+01
-2.364511617024739465e+01 -2.061897722880045691e+01
-2.216441679000854492e+01 -2.044810231526692590e+01
-2.352979342142741004e+01 -2.502751795450846473e+01
-2.399484109878540039e+01 -1.959634462992350379e+01
-2.116575098037719727e+01 -2.385513242085774621e+01
-2.253631782531738281e+01 -2.286136627197265625e+01
-2.379754034678141394e+01 -2.184894561767578125e+01
-2.438571262359619141e+01 -2.322893397013346473e+01
-2.313489103317260742e+01 -2.395685640970866004e+01
-2.396210447947184363e+01 -2.264765357971191406e+01
-2.522788365681966027e+01 -2.475462214152018348e+01
-2.527821175257365027e+01 -2.319236691792805871e+01
-2.493163156509399414e+01 -2.255257860819498816e+01
-2.237815046310424805e+01 -1.748119544982910156e+01
-1.952774874369303504e+01 -2.123683611551920691e+01
-2.417762327194213867e+01 -2.459480603535969934e+01
-2.447389237085978309e+01 -2.277809397379557410e+01
-2.384265089035034180e+01 -2.197452227274576941e+01
-2.482695563634236535e+01 -2.450013478597005090e+01
-2.479287068049113074e+01 -2.262374877929687500e+01
-2.508423662185668945e+01 -2.360034751892089844e+01
-2.397321828206380090e+01 -2.504997571309407434e+01
-2.537979745864868164e+01 -2.430184046427408973e+01
-2.406075604756673059e+01 -2.356928888956705848e+01
-2.333224010467529297e+01 -2.074132982889811316e+01
-2.422442547480265418e+01 -2.321381378173828125e+01
-2.466172758738199988e+01 -2.550615882873535156e+01
-2.463096348444620887e+01 -2.341239865620930871e+01
-2.279018910725911340e+01 -2.225966135660807410e+01
-2.503391186396281043e+01 -2.261243247985839844e+01
-2.563544305165608606e+01 -2.471232541402180871e+01
-2.541352796554565430e+01 -2.321112187703450402e+01
-2.623168007532755652e+01 -2.558626619974772254e+01
-2.508524099985758582e+01 -2.381798235575358191e+01
-2.508111635843912879e+01 -2.390429178873698035e+01
-2.620418373743693152e+01 -2.531898880004882812e+01
-2.600016212463378906e+01 -2.461860275268554688e+01
-2.522870318094889441e+01 -2.322449556986491004e+01
-2.602183357874552527e+01 -2.258834838867187500e+01
-2.534600305557250977e+01 -2.481232961018880090e+01
-2.613758118947346887e+01 -2.526436678568522254e+01
-2.580869388580322266e+01 -2.479483159383137902e+01
-2.525939750671386719e+01 -2.464999643961588660e+01
-2.509305636088053504e+01 -2.327106984456380090e+01
-2.607991743087768555e+01 -2.489931233723958215e+01
-2.576839256286621094e+01 -2.301440238952636719e+01
-2.492223850886027137e+01 -2.367222086588541785e+01
-2.510827970504760742e+01 -2.235236167907714844e+01
-2.517486174901326379e+01 -2.423201751708984375e+01
-2.641127109527587891e+01 -2.575032424926757812e+01
-2.533186356226603309e+01 -2.555184427897135535e+01
-2.582821130752563477e+01 -2.413802464803059777e+01
-2.523002068201700965e+01 -2.367872683207194129e+01
-2.574791828791300574e+01 -2.509215291341145715e+01
-2.509538316726684570e+01 -2.223972447713216027e+01
-2.512901592254638672e+01 -2.496499506632487098e+01
-2.662810500462849816e+01 -2.522292327880859375e+01
-2.674053462346394738e+01 -2.506118392944335938e+01
-2.524116961161295691e+01 -2.515568415323893348e+01
-2.485504150390625000e+01 -2.400479443868001184e+01
-2.541702318191528320e+01 -2.200586191813151160e+01
-2.537498982747395715e+01 -2.405321439107258996e+01
-2.613425620396931848e+01 -2.463268280029296875e+01
-2.590908447901407996e+01 -2.510135841369628906e+01
-2.644241412480672082e+01 -2.438170115152994910e+01
-2.568416325251261512e+01 -2.465746434529622277e+01
-2.478672377268473426e+01 -2.272736422220866004e+01
-2.522212441762288293e+01 -2.462320264180501184e+01
-2.565701198577880859e+01 -2.467781448364257812e+01
-2.603075885772705078e+01 -2.397695732116699219e+01
-2.556590445836384973e+01 -2.438197008768717566e+01
-2.567589441935221473e+01 -2.482742245992024621e+01
-2.609190909067789832e+01 -2.221979014078776160e+01
-2.545757563908894738e+01 -2.361318143208821496e+01
-2.729135704040527344e+01 -2.552454249064127723e+01
-2.571859566370646277e+01 -2.318123181660969934e+01
-2.617560593287150184e+01 -2.459043629964192590e+01
-2.653142563501993934e+01 -2.530720138549804688e+01
-2.632328812281290809e+01 -2.541748682657877723e+01
-2.639774942398071289e+01 -2.459939066569010535e+01
-2.571357790629069129e+01 -2.386580340067545691e+01
-2.539346043268839637e+01 -2.322895622253417969e+01
-2.392191966374715051e+01 -2.468867365519205848e+01
-2.597978719075520715e+01 -2.474534924825032434e+01
-2.647301801045735559e+01 -2.261617406209309777e+01
-2.631956577301025391e+01 -2.453175735473632812e+01
-2.630321566263834754e+01 -2.456240653991699219e+01
-2.604912281036376953e+01 -2.349601364135742188e+01
-2.473570426305134973e+01 -1.849776204427083215e+01
-1.999034007390340051e+01 -2.261803499857584754e+01
-2.340907144546508789e+01 -2.437559127807617188e+01
-2.567200104395548621e+01 -2.375520706176757812e+01
-2.576881202061970910e+01 -2.427093505859375000e+01
-2.599273188908894738e+01 -2.514592742919921875e+01
-2.641663201649983606e+01 -2.504960759480794152e+01
-2.532126092910766602e+01 -2.447143491109212121e+01
-2.585640700658162316e+01 -2.359116172790527344e+01
-2.605248737335205078e+01 -2.408900960286458215e+01
-2.644324604670206824e+01 -2.232747141520182410e+01
-2.527444028854370117e+01 -2.477958615620930871e+01
-2.606821568806966027e+01 -2.526086680094401160e+01
-2.734652407964070520e+01 -2.464552497863769531e+01
-2.619108247756958008e+01 -2.404898897806803504e+01
-2.573600292205810547e+01 -2.561583264668782434e+01
-2.651304880777994910e+01 -2.446641286214192590e+01
-2.564307928085327148e+01 -2.485919761657714844e+01
-2.712021446228027344e+01 -2.473432032267252723e+01
-2.623727289835612098e+01 -2.495868174235026160e+01
-2.423176876703898230e+01 -2.362815793355305871e+01
-2.485422007242838660e+01 -2.332825342814127723e+01
-2.624850908915201941e+01 -2.510825220743815223e+01
-2.602706813812255859e+01 -2.353335316975911340e+01
-2.503119198481241980e+01 -2.420619138081868371e+01
-2.618597396214802941e+01 -2.504121208190917969e+01
-2.626031382878621301e+01 -2.411238543192545691e+01
-2.537097040812174598e+01 -2.548861630757649621e+01
-2.695765066146850586e+01 -2.412746365865071496e+01
-2.606003793080647668e+01 -2.484562492370605469e+01
-2.554138040542602539e+01 -2.309412892659505090e+01
-2.468578974405924598e+01 -2.002791595458984375e+01
-2.438840071360270301e+01 -2.504896736145019531e+01
-2.613114738464355469e+01 -2.258150800069173059e+01
-2.641900110244750977e+01 -2.373647371927897254e+01
-2.679238828023274621e+01 -2.294760767618815223e+01
-2.683869902292887488e+01 -2.496222114562988281e+01
-2.787083594004313269e+01 -2.475760332743326941e+01
-2.631450033187866211e+01 -2.428868484497070312e+01
-2.643512058258056641e+01 -2.251904233296712121e+01
-2.629172690709431848e+01 -2.336777051289876184e+01
-2.710145012537638465e+01 -2.514674949645996094e+01
-2.707568089167277137e+01 -2.478740247090657434e+01
-2.631937313079833984e+01 -2.161540412902832031e+01
-2.400137344996134559e+01 -2.451423962910969934e+01
-2.589867655436198035e+01 -2.325820477803548059e+01
-2.648264948527018348e+01 -2.328345171610514441e+01
-2.693729988733927527e+01 -2.443752352396647254e+01
-2.731049267450968543e+01 -2.505667622884114465e+01
-2.737211958567301551e+01 -2.416158612569173059e+01
-2.586307732264200965e+01 -2.435122235616048059e+01
-2.686969216664632043e+01 -2.414046414693196496e+01
-2.506859143575032434e+01 -2.367588551839192590e+01
-2.608371973037719727e+01 -2.396074612935383996e+01
-2.659871912002563477e+01 -2.241586621602376184e+01
-2.674510749181111535e+01 -2.446025085449218750e+01
-2.796202262242634973e+01 -2.413446235656738281e+01
-2.744449726740519324e+01 -2.260523859659830848e+01
-2.535572036107381066e+01 -2.111610921223958215e+01
-2.598848962783813477e+01 -2.442111778259277344e+01
-2.646847359339396277e+01 -2.489048385620117188e+01
-2.687270434697468957e+01 -2.484592247009277344e+01
-2.699496984481811523e+01 -2.530486424763997277e+01
-2.779392576217651367e+01 -2.506938616434733191e+01
-2.773030281066894531e+01 -2.376764933268229285e+01
-2.621141513188679895e+01 -2.320527585347493371e+01
-2.264670181274414062e+01 -1.603208382924397668e+01
-2.233288494745890418e+01 -2.348512204488118371e+01
-2.495320892333984375e+01 -2.451958338419596473e+01
-2.625769154230753699e+01 -2.466278076171875000e+01
-2.724098793665568152e+01 -2.496114285786946496e+01
-2.759192387262980262e+01 -2.375070889790852746e+01
-2.566980695724487305e+01 -2.412615076700846473e+01
-2.615759436289469519e+01 -2.425092887878417969e+01
-2.768052943547566613e+01 -2.387243080139160156e+01
-2.673500061035156250e+01 -2.352317428588867188e+01
-2.752202606201171875e+01 -2.493394660949707031e+01
-2.550021251042683801e+01 -2.492885716756184777e+01
-2.570482746760050574e+01 -2.307551829020182410e+01
-2.631019004185994348e+01 -2.432673962910969934e+01
-2.490059359868367395e+01 -2.382546297709147254e+01
-2.561131827036539832e+01 -2.491496849060058594e+01
-2.657051944732666016e+01 -2.516170247395833215e+01
-2.645401430130004883e+01 -2.430644480387369910e+01
-2.655835882822672644e+01 -2.561703300476074219e+01
-2.644030888875325402e+01 -2.174281056722005090e+01
-2.568563604354858398e+01 -2.519701321919758996e+01
-2.649828402201334754e+01 -2.473036575317382812e+01
-2.613919909795125207e+01 -2.150698979695637902e+01
-2.510224723815917969e+01 -2.332824198404948035e+01
-2.676824220021565637e+01 -2.536149088541666785e+01
-2.719744237263997277e+01 -2.444431304931640625e+01
-2.619610786437988281e+01 -2.272209739685058594e+01
-2.563770516713460168e+01 -2.195511817932128906e+01
-2.589694595336914062e+01 -2.388247362772623816e+01
-2.643215465545654297e+01 -2.195735104878743371e+01
-2.602677122751871863e+01 -2.534531847635905066e+01
-2.558266353607177734e+01 -2.411836051940917969e+01
-2.598962561289469519e+01 -2.421046892801920691e+01
-2.553542343775431434e+01 -2.389849535624186316e+01
-2.677504364649454871e+01 -2.473654810587565223e+01
-2.675531101226806641e+01 -2.412624677022298059e+01
-2.697462717692057410e+01 -2.460057767232258996e+01
-2.602609380086262902e+01 -2.365537452697753906e+01
-2.755931266148884973e+01 -2.463088989257812500e+01
-2.655236387252807617e+01 -2.314957873026530066e+01
-2.640220959981282434e+01 -2.459746297200520715e+01
-2.675700505574544152e+01 -2.401857121785481652e+01
-2.716568549474080285e+01 -2.468297831217448035e+01
-2.689208571116129676e+01 -2.203468767801920691e+01
-2.479601192474365234e+01 -2.247860844930012902e+01
-2.454418468475341797e+01 -2.447014745076497277e+01
-2.511002413431803504e+01 -2.138900311787923059e+01
-2.554273207982381066e+01 -2.326724306742350379e+01
-2.703426726659138879e+01 -2.378061803181966027e+01
-2.823890670140584191e+01 -2.505748875935872277e+01
-2.843156528472900391e+01 -2.497666549682617188e+01
-2.887142149607340613e+01 -2.410804812113444129e+01
-2.832007519404093543e+01 -2.451407368977864465e+01
-2.827106046676635742e+01 -2.497065607706705848e+01
-2.834188397725423059e+01 -2.482536061604817590e+01
-2.576642417907714844e+01 -2.306575775146484375e+01
-2.756260553995768348e+01 -2.447164090474446496e+01
-2.593016401926676551e+01 -2.476242383321126184e+01
-2.585189978281657019e+01 -2.298985099792480469e+01
-2.571303749084472656e+01 -2.113810539245605469e+01
-2.469705708821614465e+01 -2.412803141276041785e+01
-2.749484602610270301e+01 -2.478567314147949219e+01
-2.692983595530192176e+01 -2.269743156433105469e+01
-2.560308265686035156e+01 -2.366798273722330848e+01
-2.603277587890625000e+01 -2.425304921468098840e+01
-2.737469863891601562e+01 -2.438376108805338660e+01
-2.745818058649699012e+01 -2.471821467081705848e+01
-2.703123839696248254e+01 -2.483959325154622277e+01
-2.707181994120280066e+01 -2.456421788533528527e+01
-2.629651498794555664e+01 -2.533793512980143348e+01
-2.750548410415649414e+01 -2.418571472167968750e+01
-2.845489168167114258e+01 -2.338605562845866004e+01
-2.686910629272460938e+01 -2.515610631306966027e+01
-2.781993039449055871e+01 -2.491444587707519531e+01
-2.710934925079345703e+01 -2.378953234354655066e+01
-2.791425768534342566e+01 -2.534578259785969934e+01
-2.759181817372639856e+01 -2.432165654500325402e+01
-2.700936985015869141e+01 -2.446868960062662879e+01
-2.803833421071370324e+01 -2.490163739522298059e+01
-2.818070809046427527e+01 -2.268924268086751184e+01
-2.785938231150309363e+01 -2.522344017028808594e+01
-2.761930147806803504e+01 -2.262903213500976562e+01
-2.685441366831461707e+01 -2.410641479492187500e+01
-2.708253494898478309e+01 -2.476393254597981652e+01
-2.687409210205078125e+01 -2.389211018880208215e+01
-2.710510253906250000e+01 -2.447884305318196496e+01
-2.606334416071574012e+01 -2.480232429504394531e+01
-2.770974477132161340e+01 -2.422110748291015625e+01
-2.842923100789387902e+01 -2.442174466451008996e+01
-2.674166313807169715e+01 -2.337999788920084754e+01
-2.778132756551106652e+01 -2.490113258361816406e+01
-2.741255394617716590e+01 -2.453158760070800781e+01
-2.749310715993245324e+01 -2.446125157674153527e+01
-2.800626039505004883e+01 -2.451611391703287879e+01
-2.758608023325602332e+01 -2.293522580464680871e+01
-2.809665711720784387e+01 -2.493411000569661340e+01
-2.695070489247639856e+01 -2.406234804789225379e+01
-2.623979043960571289e+01 -2.501300875345866004e+01
-2.524364598592122277e+01 -2.281891123453776160e+01
-2.584759092330932617e+01 -2.416132799784342566e+01
-2.640830723444620887e+01 -2.417667579650878906e+01
-2.635033957163492957e+01 -2.469210370381673059e+01
-2.730703051884968957e+01 -2.368821461995442590e+01
-2.796844323476155481e+01 -2.484175300598144531e+01
-2.766075754165649414e+01 -2.373093414306640625e+01
-2.790475972493489465e+01 -2.347108650207519531e+01
-2.640767749150593957e+01 -2.415188852945963660e+01
-2.728475602467854699e+01 -2.433766492207844934e+01
-2.760459915796915809e+01 -2.402288436889648438e+01
-2.686510499318440637e+01 -2.499624697367350379e+01
-2.890502103169758996e+01 -2.299975458780924598e+01
-2.699472204844157019e+01 -2.064673360188801965e+01
-2.583934926986694336e+01 -2.256305376688639441e+01
-2.566859308878580848e+01 -2.391998672485351562e+01
-2.761611080169677734e+01 -2.471028137207031250e+01
-2.685045941670735559e+01 -2.492022450764973840e+01
-2.720673449834187707e+01 -2.483208910624186316e+01
-2.573051913579304895e+01 -2.429692268371582031e+01
-2.725410683949788293e+01 -2.495904095967610559e+01
-2.884808667500813684e+01 -2.472875022888183594e+01
-2.855494483311970910e+01 -2.346632003784179688e+01
-2.593383502960205078e+01 -1.923424911499023438e+01
-2.593876298268635949e+01 -2.478791872660319129e+01
-2.439293702443440637e+01 -2.380446052551269531e+01
-2.662565962473551551e+01 -2.440390904744466027e+01
-2.752139155069987098e+01 -2.249104944864908973e+01
-2.654044342041015625e+01 -2.456217320760091027e+01
-2.767860507965087891e+01 -2.431122525533040246e+01
-2.714605951309204102e+01 -2.370466740926106652e+01
-2.748983526229858398e+01 -2.115118726094563684e+01
-2.417919890085856238e+01 -2.120647112528483191e+01
-2.617875067392985144e+01 -2.232421429951985559e+01
-2.688454596201578894e+01 -2.441986401875813684e+01
-2.730187606811523438e+01 -2.300945727030436316e+01
-2.749115498860676965e+01 -2.479444376627604285e+01
-2.920752302805582801e+01 -2.460789426167805871e+01
-2.869450982411702356e+01 -2.447562026977539062e+01
-2.797386185328165809e+01 -2.436435826619466027e+01
-2.852364079157511512e+01 -2.243018277486165246e+01
-2.626624361673991004e+01 -2.236246617635091027e+01
-2.510288715362548828e+01 -2.389287630716959754e+01
-2.671293783187866211e+01 -2.318902015686035156e+01
-2.708029603958129883e+01 -2.286438814798991004e+01
-2.785218540827433387e+01 -2.392968750000000000e+01
-2.885999790827433387e+01 -2.285075759887695312e+01
-2.561583296457926551e+01 -2.313970692952473840e+01
-2.576208146413167199e+01 -2.426265017191569129e+01
-2.761112165451049805e+01 -2.504645411173502723e+01
-2.923213513692219934e+01 -2.446965026855468750e+01
-2.880240376790364465e+01 -2.396283912658691406e+01
-2.778045622507731238e+01 -2.467520141601562500e+01
-2.770497751235961914e+01 -2.507383600870768348e+01
-2.951183859507242957e+01 -2.510930633544921875e+01
-2.886372216542561731e+01 -2.337565803527832031e+01
-2.735165246327717981e+01 -2.409060732523600379e+01
-2.825254201889038086e+01 -2.450036239624023438e+01
-2.648387336730957031e+01 -2.466023190816243371e+01
-2.581867758433024207e+01 -2.385403760274251184e+01
-2.727853043874104699e+01 -2.338441276550292969e+01
-2.651185083389282227e+01 -2.504417419433593750e+01
-2.641028515497843543e+01 -2.449021720886230469e+01
-2.609985637664794922e+01 -2.400803248087565223e+01
-2.755673360824584961e+01 -2.420233917236328125e+01
-2.805644734700520715e+01 -2.442912165323893348e+01
-2.784510580698649207e+01 -2.425036239624023438e+01
-2.704667091369628906e+01 -2.431495666503906250e+01
-2.765787076950073242e+01 -2.459081904093424598e+01
-2.833189233144124231e+01 -2.378331311543782434e+01
-2.865028810501098633e+01 -2.494195111592610559e+01
-2.879737997055053711e+01 -2.470122973124186316e+01
-2.845379654566447059e+01 -2.422996139526367188e+01
-2.796805159250895301e+01 -2.486132621765136719e+01
-2.693336264292399207e+01 -1.755607287089030066e+01
-2.260769287745157996e+01 -2.314809036254882812e+01
-2.365605894724528113e+01 -2.047953605651855469e+01
-2.377777020136515418e+01 -2.497611681620280066e+01
-2.637205489476521691e+01 -2.355480384826660156e+01
-2.711041291554768762e+01 -2.419529151916503906e+01
-2.854535277684529504e+01 -2.313261159261067590e+01
-2.563996601104736328e+01 -2.381212997436523438e+01
-2.675580803553263465e+01 -2.361866315205891809e+01
-2.654062875111897668e+01 -2.448616790771484375e+01
-2.887007919947306434e+01 -2.466722234090169152e+01
-2.889567915598551551e+01 -2.405716959635416785e+01
-2.856806707382202148e+01 -2.474201202392578125e+01
-2.915107568105061731e+01 -2.478894360860188684e+01
-2.718783458073933801e+01 -2.322589683532714844e+01
-2.688561948140462121e+01 -2.406005223592122277e+01
-2.772236108779907227e+01 -2.423087247212727746e+01
-2.818213748931884766e+01 -2.453702481587727746e+01
-2.745597251256306848e+01 -2.307087198893229285e+01
-2.659008948008219519e+01 -2.423300552368164062e+01
-2.703495756785074988e+01 -2.438201204935709754e+01
-2.811007674535115441e+01 -2.175092188517252723e+01
-2.451882060368855676e+01 -1.820136197408040246e+01
-2.254498990376790246e+01 -2.343038749694824219e+01
-2.696999947230021277e+01 -2.402429389953613281e+01
-2.847809489568074426e+01 -2.312306658426920691e+01
-2.706791877746582031e+01 -2.407105954488118371e+01
-2.800424146652221680e+01 -2.463476689656575402e+01
-2.743256584803263465e+01 -2.419217427571614465e+01
-2.767931922276814660e+01 -2.296679306030273438e+01
-2.570827658971150598e+01 -2.296982638041178504e+01
-2.711072031656901160e+01 -2.405420112609863281e+01
-2.614155753453572473e+01 -2.265015347798665246e+01
-2.615729061762491980e+01 -2.335931015014648438e+01
-2.754136482874552527e+01 -2.439132690429687500e+01
-2.837307024002075195e+01 -2.401889864603678504e+01
-2.832479365666707238e+01 -2.464190610249837121e+01
-2.916431077321370324e+01 -2.565943654378255090e+01
-2.808826526006062707e+01 -2.388545227050781250e+01
-2.822424284617106238e+01 -2.422473462422688684e+01
-2.911463371912638465e+01 -2.491399002075195312e+01
-2.942068163553873816e+01 -2.427033297220866004e+01
-2.754029130935668945e+01 -2.452913920084635535e+01
-2.708425442377726355e+01 -2.224011421203613281e+01
-2.423495562871297082e+01 -1.900577926635742188e+01
-2.452801005045573035e+01 -2.355632909138997277e+01
-2.759813292821248254e+01 -2.420703887939453125e+01
-2.920273971557617188e+01 -2.456941541035969934e+01
-2.860387579600016394e+01 -2.479266039530436316e+01
-2.871037912368774414e+01 -2.313701629638671875e+01
-2.707893403371175012e+01 -2.148416900634765625e+01
-2.753319708506266394e+01 -2.440334447224934777e+01
-2.763266134262084961e+01 -2.366898028055826941e+01
-2.898006963729858398e+01 -2.476966730753580848e+01
-2.802924680709838867e+01 -2.448927688598632812e+01
-2.810459359486897668e+01 -2.509029134114583215e+01
-2.891969410578409949e+01 -2.397436587015787879e+01
-2.819625806808471680e+01 -2.312907346089680871e+01
-2.560373020172119141e+01 -2.341586176554362098e+01
-2.787404092152913293e+01 -2.448933919270833215e+01
-2.821793651580810547e+01 -2.435573450724283973e+01
-2.640296427408854285e+01 -2.200403722127278527e+01
-2.669375626246134559e+01 -2.329704920450846473e+01
-2.786690060297648230e+01 -2.386022885640462121e+01
-2.733917617797851562e+01 -2.426038360595703125e+01
-2.757595618565877160e+01 -2.435989125569661340e+01
-2.932100979487101355e+01 -2.475677235921223840e+01
-2.793498897552490234e+01 -2.499977048238118371e+01
-2.510583130518595496e+01 -2.473256429036458215e+01
-2.846970907847086707e+01 -2.461246109008789062e+01
-2.801140308380126953e+01 -2.116455713907877723e+01
-2.566292365392049035e+01 -2.370711835225423059e+01
-2.898789580663045129e+01 -2.362572034200032434e+01
-2.936136182149251184e+01 -2.364664649963378906e+01
-2.914282639821370324e+01 -2.439820925394694129e+01
-2.909016656875610352e+01 -2.292329088846842566e+01
-2.740334828694661340e+01 -2.287024815877278527e+01
-2.615018177032470703e+01 -2.421937179565429688e+01
-2.903829065958658973e+01 -2.472262509663899621e+01
-2.869779666264851770e+01 -2.419478480021158973e+01
-2.790042734146118164e+01 -2.454975891113281250e+01
-2.861669651667277137e+01 -2.516565831502278527e+01
-2.758283503850300988e+01 -2.245597457885742188e+01
-2.655791664123535156e+01 -2.418254915873209754e+01
-2.815205081303914270e+01 -2.421590105692545691e+01
-2.860211165746052941e+01 -2.434843762715657434e+01
-2.879789638519287109e+01 -2.350326983133951941e+01
-2.949248488744099816e+01 -2.381575520833333215e+01
-2.818759234746297082e+01 -2.406426175435383996e+01
-2.965610472361246863e+01 -2.419419860839843750e+01
-2.828548765182495117e+01 -2.502722167968750000e+01
-2.582301012674967566e+01 -2.488633282979329309e+01
-2.743367274602254113e+01 -2.015133221944173059e+01
-2.440850718816121301e+01 -2.293000729878743371e+01
-2.708299970626831055e+01 -2.338476053873698035e+01
-2.752136723200480262e+01 -2.410139465332031250e+01
-2.763073492050170898e+01 -2.107121976216633996e+01
-2.507109340031941613e+01 -2.158344459533691406e+01
-2.460844453175862512e+01 -2.166702969868977746e+01
-2.678074296315510949e+01 -2.190307362874348840e+01
-2.740107440948486328e+01 -2.417285792032877723e+01
-2.891525745391845703e+01 -2.442883936564127723e+01
-2.934361712137858191e+01 -2.247203826904296875e+01
-2.751061995824177941e+01 -2.157827186584472656e+01
-2.511690251032511512e+01 -1.996716562906901160e+01
-2.633196926116943359e+01 -2.261170641581217566e+01
-2.808801094690958777e+01 -2.332794253031412879e+01
-2.712086566289265832e+01 -2.429633522033691406e+01
-2.661161184310913086e+01 -2.331135114034016809e+01
-2.778508075078328332e+01 -2.367702992757161340e+01
-2.752724631627400598e+01 -2.472443262736002723e+01
-2.884377241134643555e+01 -2.427166811625162879e+01
-2.771445465087890625e+01 -2.343924331665039062e+01
-2.846870692571004113e+01 -2.446879895528157434e+01
-2.932399415969848633e+01 -2.409977404276530066e+01
-2.985386753082275391e+01 -2.444403012593587121e+01
-2.962587499618530273e+01 -2.435043907165527344e+01
-2.848941564559936523e+01 -2.496592013041178504e+01
-2.826396258672078332e+01 -2.344422403971354285e+01
-2.865776920318603516e+01 -2.286948076883951941e+01
-2.748262977600097656e+01 -2.322673352559407434e+01
-2.810567347208658973e+01 -2.487594032287597656e+01
-2.886587810516357422e+01 -2.440950012207031250e+01
-2.727567211786906043e+01 -2.396346473693847656e+01
-2.840952062606811523e+01 -2.388619295756022254e+01
-2.888600873947143555e+01 -2.420701090494791785e+01
-2.847301324208577356e+01 -2.384153620402018348e+01
-2.815828847885131836e+01 -2.372349611918131629e+01
-2.936929750442504883e+01 -2.354056231180826941e+01
-2.944453255335490027e+01 -2.299034563700358191e+01
-2.791501458485921106e+01 -2.400559997558593750e+01
-2.734500726064046106e+01 -2.419694328308105469e+01
-2.648892768224080285e+01 -2.457155100504557410e+01
-2.776694122950236121e+01 -2.426002502441406250e+01
-2.882394059499104699e+01 -2.393364969889323035e+01
-2.822549327214558801e+01 -2.287988217671712121e+01
-2.876908969879150391e+01 -2.452443122863769531e+01
-2.970264037450154504e+01 -2.456300671895344934e+01
-2.862512111663818359e+01 -2.398396873474121094e+01
-2.795300165812174598e+01 -2.081819152832031250e+01
-2.598553117116292199e+01 -2.293262290954589844e+01
-2.684464534123738488e+01 -1.903475888570149621e+01
-2.578496456146240234e+01 -2.314895311991373816e+01
-2.819386355082194129e+01 -2.432481384277343750e+01
-2.899927647908528527e+01 -2.417669232686360559e+01
-2.943065929412841797e+01 -2.174456659952799598e+01
-2.826127147674560547e+01 -2.441659482320149621e+01
-2.945570659637451172e+01 -2.461619186401367188e+01
-2.958894205093383789e+01 -2.424786758422851562e+01
-2.831377855936686316e+01 -2.423407300313313684e+01
-2.683114067713419715e+01 -1.948228645324707031e+01
-2.756971406936645508e+01 -2.324925740559895715e+01
-2.760476032892863074e+01 -2.458385721842448035e+01
-2.909366846084594727e+01 -2.391435686747233191e+01
-2.904268646240234375e+01 -2.315119425455729285e+01
-2.705950991312662879e+01 -2.474179204305012902e+01
-3.011970535914103309e+01 -2.348304112752278527e+01
-2.828332567214965820e+01 -2.194789059956868371e+01
-2.658571434020996094e+01 -2.320454661051432410e+01
-2.681807343165079871e+01 -2.333596547444661340e+01
-2.684769455591837684e+01 -2.369115384419758996e+01
-2.841446081797282019e+01 -2.470620981852213660e+01
-2.926331488291422644e+01 -2.445198631286621094e+01
-2.976144440968831262e+01 -2.440992991129557410e+01
-2.849005174636840820e+01 -2.463658777872721473e+01
-2.629863580067952356e+01 -2.469657961527506629e+01
-2.813442770640055457e+01 -2.349554443359375000e+01
-2.930444161097208777e+01 -2.378152020772298059e+01
-2.737611293792724609e+01 -2.196712303161621094e+01
-2.853714927037556848e+01 -2.408909924825032434e+01
-2.926517041524251184e+01 -2.414271736145019531e+01
-2.872402302424113074e+01 -2.429038302103678504e+01
-2.931488895416259766e+01 -2.403833961486816406e+01
-2.866165749231974402e+01 -2.450883483886718750e+01
-2.698920329411824426e+01 -2.467890485127766809e+01
-2.861222648620605469e+01 -2.403558794657389441e+01
-2.803167470296223840e+01 -2.443006515502929688e+01
-2.957657416661580285e+01 -2.312720743815104285e+01
-2.995069901148478309e+01 -2.440900166829426965e+01
-3.057032330830891809e+01 -2.421573066711425781e+01
-2.612174892425537109e+01 -2.283820088704426965e+01
-2.771174860000610352e+01 -2.418153889973958215e+01
-2.837134186426798621e+01 -2.454786491394042969e+01
-2.899410263697306434e+01 -2.400927416483561316e+01
-2.901275269190470496e+01 -2.376505215962727746e+01
-2.968979660669962684e+01 -2.270892651875813684e+01
-2.722469917933146277e+01 -1.863350677490234375e+01
-2.427466551462809363e+01 -2.452448717753092566e+01
-2.726546382904052734e+01 -2.331104342142741004e+01
-2.815691280364990234e+01 -2.433935991923014441e+01
-2.858540185292561731e+01 -2.374752426147460938e+01
-2.812651920318603516e+01 -2.455825551350911340e+01
-2.891360155741373816e+01 -2.387116114298502723e+01
-2.788108030954996863e+01 -2.126939900716145715e+01
-2.509385410944620887e+01 -2.237632179260253906e+01
-2.761423905690510949e+01 -2.414145024617512902e+01
-2.784947745005289832e+01 -2.163250668843587121e+01
-2.628654543558756629e+01 -2.357238833109537879e+01
-2.887210448582967004e+01 -2.389461771647135535e+01
-3.052011601130167762e+01 -2.441057078043619910e+01
-2.876050456364949426e+01 -2.435786120096842566e+01
-2.930223592122395715e+01 -2.169857215881347656e+01
-2.667472664515177527e+01 -2.385363260904948035e+01
-2.798545010884602746e+01 -2.334999148050944129e+01
-2.768396218617757043e+01 -2.325121053059895715e+01
-2.766237783432006836e+01 -2.379907989501953125e+01
-2.871100187301635742e+01 -2.382080713907877723e+01
-2.869908412297566613e+01 -2.439992332458496094e+01
-2.761075560251871863e+01 -2.445222854614257812e+01
-2.875008583068847656e+01 -2.251511001586914062e+01
-2.586945660909016809e+01 -2.381509526570637902e+01
-2.777755626042683801e+01 -2.413707860310872277e+01
-2.861403799057006836e+01 -2.238154919942219934e+01
-2.842252842585245887e+01 -2.349935595194498816e+01
-2.986244312922159949e+01 -2.407395807902018348e+01
-2.958804972966511926e+01 -2.422729428609212121e+01
-2.888576269149780273e+01 -2.426095136006673059e+01
-2.903624518712361535e+01 -2.456752204895019531e+01
-3.042997709910074988e+01 -2.450738207499186316e+01
-2.950391133626301965e+01 -2.218718719482421875e+01
-2.925578880310058594e+01 -2.413239224751790246e+01
-2.864514636993408203e+01 -2.342844454447428504e+01
-2.937571541468302527e+01 -2.387614313761393348e+01
-2.953829526901245117e+01 -2.302518208821614465e+01
-2.813072554270426551e+01 -2.308856264750162879e+01
