# Train Val
3.695865606268247117e+00 2.198200821876525879e-01
-1.628624141216278076e+00 -2.798731009165445816e+00
-3.050152500470479477e+00 -3.444291830062866211e+00
-3.306557257970174302e+00 -3.327150265375772964e+00
-3.412832677364349365e+00 -3.377531925837198745e+00
-3.427176078160603989e+00 -3.413753112157186020e+00
-3.429646829764048110e+00 -3.437905867894490708e+00
-3.439802110195159912e+00 -3.460493246714273941e+00
-3.444681525230407715e+00 -3.423269112904866684e+00
-3.441974282264709473e+00 -3.466146548589070786e+00
-3.412007868289947510e+00 -3.514831622441609849e+00
-3.431330064932505142e+00 -3.667719125747680664e+00
-3.469826440016428482e+00 -3.465956131617228042e+00
-3.500780026117960464e+00 -3.535060962041219224e+00
-3.487921953201293945e+00 -3.304597218831380356e+00
-3.602624416351318359e+00 -3.776533762613932144e+00
-3.539577523867289077e+00 -3.303341388702392578e+00
-3.457547028859456528e+00 -3.720379749933878433e+00
-3.628345251083374023e+00 -3.410882314046224106e+00
-3.805950423081716050e+00 -3.732265631357828628e+00
-4.092977225780487061e+00 -4.716914971669514678e+00
-4.278522610664367676e+00 -4.397116899490356445e+00
-4.537571907043457031e+00 -4.216775258382161162e+00
-4.838551163673400879e+00 -4.820586840311686494e+00
-4.896535992622375488e+00 -5.157590548197428681e+00
-5.025480429331461885e+00 -5.014788945515950225e+00
-5.137954036394755342e+00 -4.814249038696289062e+00
-5.237117807070414521e+00 -5.045061747233073213e+00
-5.491268157958984375e+00 -5.218401273091633819e+00
-5.429362018903096221e+00 -5.325445969899495147e+00
-5.383425076802571319e+00 -5.386927604675292969e+00
-5.594174941380818389e+00 -5.404561837514241240e+00
-5.662883877754211426e+00 -5.099126974741618135e+00
-5.671012282371520996e+00 -5.305462360382080078e+00
-5.643592476844787598e+00 -5.462515989939372041e+00
-5.588525295257568359e+00 -4.994471867879231475e+00
-5.534095009167988799e+00 -5.551561355590820312e+00
-5.652678767840067842e+00 -5.578015327453613281e+00
-5.721238573392231963e+00 -4.964713096618652344e+00
-5.634923617045084931e+00 -5.420645554860432647e+00
-5.824338873227437041e+00 -5.539863745371500947e+00
-5.708158175150553681e+00 -5.838450272878010772e+00
-5.740721980730692842e+00 -5.659715811411540010e+00
-5.749266266822814941e+00 -5.511877854665120147e+00
-5.827972372372944854e+00 -5.655804475148518584e+00
-5.835495471954345703e+00 -5.620310465494791963e+00
-5.879036426544189453e+00 -5.630095163981120088e+00
-5.859963337580363252e+00 -5.815147082010905244e+00
-5.866601228713989258e+00 -5.642720699310302734e+00
-5.813294092814127900e+00 -5.002924442291259766e+00
-5.703073183695475556e+00 -5.480486551920573213e+00
-5.834705114364624023e+00 -5.499889214833577178e+00
-5.789454619089762666e+00 -5.463754653930664062e+00
-5.847860852877299287e+00 -5.739826838175456025e+00
-5.861710190773010254e+00 -5.675449848175048828e+00
-5.792971690495808623e+00 -5.584311644236247041e+00
-5.868168274561564424e+00 -5.807551860809326172e+00
-5.962415178616841338e+00 -5.802868684132893584e+00
-5.919564088185627959e+00 -5.616891066233317353e+00
-5.928097208340962432e+00 -5.878054777781168916e+00
-5.918715238571166992e+00 -5.529022057851155303e+00
-5.844541231791178681e+00 -5.701939582824707031e+00
-5.869173049926757812e+00 -5.327473163604736328e+00
-5.835337440172831514e+00 -5.720297813415527344e+00
-5.827472527821858428e+00 -5.485011418660481475e+00
-5.888700803120930694e+00 -5.543842951456706025e+00
-5.717703143755595185e+00 -5.413903554280598662e+00
-5.872079769770304658e+00 -5.538167158762614228e+00
-5.986506382624308564e+00 -5.767855008443196319e+00
-5.801803032557169892e+00 -5.463645299275715850e+00
-5.829688827196757295e+00 -5.730326016743977569e+00
-5.889869729677836396e+00 -5.523391564687092803e+00
-5.990701357523600556e+00 -5.640052318572998047e+00
-6.043172279993693330e+00 -5.535539944966633819e+00
-6.070829510688781738e+00 -5.411653200785319306e+00
-5.959987998008728027e+00 -5.558618704477946260e+00
-5.706889311472575166e+00 -5.417963504791259766e+00
-5.799124558766682647e+00 -5.655946890513102510e+00
-6.068932573000590303e+00 -5.638165314992268584e+00
-5.690194288889567353e+00 -4.958074728647868135e+00
-5.612449248631794951e+00 -5.321505546569824219e+00
-5.888493100802103974e+00 -5.453846136728922822e+00
-5.980300505956013701e+00 -6.058472315470377900e+00
-6.046368678410847686e+00 -5.756282647450764678e+00
-5.965075453122456572e+00 -5.237298011779785156e+00
-5.852847218513488770e+00 -5.212890863418579102e+00
-6.074798981348673799e+00 -5.320181687672932647e+00
-5.959910790125529267e+00 -5.170180479685465791e+00
-5.955162167549133301e+00 -5.656419912974040010e+00
-6.140849868456522920e+00 -5.362055460611979463e+00
-6.129231731096903779e+00 -5.457956314086914062e+00
-6.025551875432332061e+00 -5.541504700978596709e+00
-5.670086185137431123e+00 -5.509456952412922881e+00
-5.972282528877258301e+00 -5.776388486226399444e+00
-6.131015777587890625e+00 -5.514704227447509766e+00
-6.156663179397583008e+00 -5.417753537495930694e+00
-5.768593947092692353e+00 -5.199648857116699219e+00
-5.421930432319641113e+00 -4.785756270090739228e+00
-5.801200588544209502e+00 -4.991303920745849609e+00
-5.906674186388651826e+00 -5.569690704345703125e+00
-6.124252796173095703e+00 -5.613843123118082978e+00
-6.272428313891093232e+00 -5.355510075887043975e+00
-6.118369142214457490e+00 -5.545585473378499053e+00
-6.274250070254008271e+00 -4.915101448694865205e+00
-5.982404192288716338e+00 -5.187126318613688447e+00
-6.132241249084472656e+00 -5.616840680440266631e+00
-5.870611866315205596e+00 -5.822935581207275391e+00
-6.193574190139770508e+00 -5.160537719726562500e+00
-6.248785098393757842e+00 -5.113308906555175781e+00
-6.261109153429667451e+00 -5.026025931040446260e+00
-6.100991805394490264e+00 -5.438756624857584931e+00
-6.281309843063354492e+00 -5.556561946868896484e+00
-6.299391269683837891e+00 -5.314882278442382812e+00
-6.186501940091450713e+00 -5.061904271443684600e+00
-6.211765567461649873e+00 -4.965814590454101562e+00
-6.284505923589070342e+00 -4.995032787322998047e+00
-6.251357833544413545e+00 -5.370347499847412109e+00
-6.311933716138203643e+00 -4.932135025660197236e+00
-6.578756610552470185e+00 -5.281463146209716797e+00
-6.498484532038371064e+00 -5.193506081899006865e+00
-6.375876506169636748e+00 -5.174363295237223603e+00
-6.210783799489338897e+00 -4.798604567845662139e+00
-6.102150559425354004e+00 -4.783722718556721709e+00
-6.291154742240905762e+00 -4.960954666137695312e+00
-6.657395839691162109e+00 -5.583643595377604463e+00
-6.697269320487976074e+00 -5.267895857493082978e+00
-6.667914350827534697e+00 -5.091930866241455078e+00
-6.847503105799357392e+00 -5.021231571833292939e+00
-6.651375095049540498e+00 -4.382342735926310517e+00
-6.306082646052042939e+00 -4.991350015004475615e+00
-6.322322289148966767e+00 -5.324974377950032256e+00
-6.386254707972208955e+00 -5.367973645528157256e+00
-6.776808659235636689e+00 -5.381685256958007812e+00
-6.909045298894246123e+00 -5.404336611429850556e+00
-6.796027819315592744e+00 -5.154481728871663115e+00
-6.623400489489237764e+00 -4.659406979878743194e+00
-6.527144392331440947e+00 -4.464499155680338838e+00
-6.511459867159525849e+00 -5.476737499237060547e+00
-6.818359851837158203e+00 -4.899760087331135772e+00
-6.775886734326680205e+00 -4.999377568562825225e+00
-7.186960577964782715e+00 -4.647669156392415069e+00
-6.457397699356079102e+00 -4.486887137095133760e+00
-6.714325110117594697e+00 -4.704616864522297881e+00
-7.009240031242370605e+00 -4.834380944569905303e+00
-6.972719152768452666e+00 -4.686587969462077119e+00
-7.111746788024902344e+00 -5.174507459004719756e+00
-6.912816643714904785e+00 -4.325392087300618194e+00
-6.644251108169555664e+00 -5.304761568705241181e+00
-7.001955429712931611e+00 -5.032869497934977510e+00
-6.217930515607197783e+00 -4.595432599385579131e+00
-6.569650451342265107e+00 -5.028221130371093750e+00
-7.010974367459614776e+00 -4.563094933827717803e+00
-7.082233230272929170e+00 -4.890782515207926728e+00
-6.880992730458577178e+00 -4.314681053161621094e+00
-7.016798734664916992e+00 -4.863954226175944306e+00
-7.285644133885701201e+00 -4.671576499938964844e+00
-6.968183477719624541e+00 -4.703351815541584990e+00
-7.224088549613952637e+00 -4.653643131256103516e+00
-6.836175918579101562e+00 -4.621236324310302734e+00
-6.805902361869812012e+00 -4.596964836120605469e+00
-6.426598389943440459e+00 -5.423621336619059541e+00
-6.135499080022175811e+00 -5.338072299957275391e+00
-6.973790605862935088e+00 -4.928695837656657197e+00
-7.272795995076497100e+00 -4.302325328191121123e+00
-7.445651213328043916e+00 -4.814344247182209990e+00
-7.230300029118855498e+00 -4.450690587361653350e+00
-7.442780534426371553e+00 -4.218425432840983369e+00
-7.157543818155924775e+00 -4.072039127349853516e+00
-7.058529138565063477e+00 -4.422093073527018525e+00
-7.203749457995097139e+00 -4.505404154459635713e+00
-7.618050773938496611e+00 -4.383475859959919951e+00
-7.086863319079081514e+00 -4.779236634572346709e+00
-6.843912839889526367e+00 -4.589182694753010772e+00
-7.255507906277974151e+00 -4.658280531565348603e+00
-7.400499145189921357e+00 -4.357989311218261719e+00
-7.204348683357238770e+00 -3.990853548049926758e+00
-5.459673742453257539e+00 -4.393241246541340850e+00
-6.871554533640543916e+00 -4.355365753173828125e+00
-6.955618143081665039e+00 -4.898949782053629853e+00
-7.201950669288635254e+00 -4.893614292144775391e+00
-6.868848204612731934e+00 -4.077659924825032256e+00
-7.189091920852661133e+00 -3.808491309483846177e+00
-7.319512168566386201e+00 -4.307677427927653291e+00
-7.517154057820637725e+00 -4.231874545415242217e+00
-7.657992362976074219e+00 -3.878221750259399414e+00
-7.467502474784851074e+00 -4.217902263005574248e+00
-7.257098674774169922e+00 -4.264431953430175781e+00
-7.835460384686787627e+00 -4.963927745819091797e+00
-7.451911846796671846e+00 -4.426293532053629853e+00
-7.309899449348449707e+00 -4.537175178527832031e+00
-7.728834748268127441e+00 -4.274662256240844727e+00
-7.945304473241169951e+00 -3.792114973068237305e+00
-7.689404845237731934e+00 -4.383444786071777344e+00
-7.878175616264343262e+00 -3.674219210942586411e+00
-7.532944718996684053e+00 -4.310917695363362334e+00
-8.223125338554382324e+00 -4.335921684900919892e+00
-8.189048965771993593e+00 -3.660546382268270005e+00
-8.130094011624654726e+00 -3.719638744990030776e+00
-7.323032220204670928e+00 -3.496856609980265151e+00
-7.168846686681111358e+00 -4.290715773900349639e+00
-7.905886133511860869e+00 -3.968809127807617188e+00
-7.651309967041015625e+00 -4.413368542989094756e+00
-7.134121934572855928e+00 -3.948558568954467773e+00
-7.698929667472839355e+00 -4.254309972127278350e+00
-8.087894916534423828e+00 -3.689391533533731948e+00
-7.511534889539082549e+00 -4.199806292851765654e+00
-7.344229777654011748e+00 -3.913092613220214844e+00
-7.770909031232197783e+00 -3.627486626307169448e+00
-6.928251981735229492e+00 -4.358047008514404297e+00
-7.488937218983967803e+00 -4.222431818644206025e+00
-7.625012278556823730e+00 -4.179246425628662109e+00
-8.216275413831075625e+00 -3.520787954330444336e+00
-7.925182620684306123e+00 -4.517978668212890625e+00
-8.299566666285196348e+00 -3.452209313710530747e+00
-8.116387287775674864e+00 -3.811521053314208984e+00
-8.180412371953329043e+00 -3.301767587661743164e+00
-7.899751822153727510e+00 -4.039187431335449219e+00
-8.562700192133585020e+00 -3.560975472132364761e+00
-8.052386720975240664e+00 -4.511277437210083008e+00
-8.097505092620849609e+00 -3.218808809916178237e+00
-8.171169916788736387e+00 -3.862329244613647461e+00
-8.202824592590332031e+00 -4.289352258046467803e+00
-8.364007512728372618e+00 -3.606748104095458984e+00
-8.309931476910909609e+00 -3.848871707916259766e+00
-8.855223615964254336e+00 -4.003987312316894531e+00
-7.080970486005147002e+00 -4.548441092173258760e+00
-6.179725329081217744e+00 -4.804462909698486328e+00
-6.709509571393330596e+00 -4.450010379155476592e+00
-7.196125109990437529e+00 -4.163806200027465820e+00
-7.610233068466186523e+00 -4.682484785715739228e+00
-7.766053040822346709e+00 -3.830744822820027817e+00
-8.110520601272583008e+00 -2.950637896855672349e+00
-8.327621142069498106e+00 -3.201770782470703125e+00
-7.046368122100830078e+00 -4.820310036341349580e+00
-7.104533394177754424e+00 -4.812966346740722656e+00
-8.054039955139160156e+00 -4.131643215815226533e+00
-8.394277493158975645e+00 -3.688045978546142578e+00
-8.290878295898437500e+00 -3.620162566502889145e+00
-8.097323417663574219e+00 -4.111859560012817383e+00
-8.422685861587524414e+00 -3.402911822001139175e+00
-8.301294128100076719e+00 -4.500308831532795928e+00
-8.510849952697753906e+00 -3.769032875696817886e+00
-8.040898521741231875e+00 -3.590516885121663559e+00
-8.590192317962646484e+00 -2.594564159711202134e+00
-8.075873335202535586e+00 -3.798001607259114731e+00
-8.389262755711873965e+00 -3.960335016250610352e+00
-8.330351432164510683e+00 -3.973239580790201675e+00
-8.865007241566976504e+00 -3.249229113260904800e+00
-8.883178075154622988e+00 -3.220485528310140122e+00
-8.834521611531576113e+00 -3.203127384185791016e+00
-8.134613712628683047e+00 -3.599626461664835464e+00
-8.226041038831075625e+00 -2.610892852147420395e+00
-7.666293780008952119e+00 -3.085118929545084487e+00
-7.824770371119181611e+00 -3.950676759084065903e+00
-8.685986717542013125e+00 -3.600065151850382339e+00
-8.902981877326965332e+00 -3.782711346944173325e+00
-8.784406860669454531e+00 -3.179313262303670395e+00
-8.762866258621215820e+00 -3.313369830449422349e+00
-9.126376231511434511e+00 -3.335346301396687974e+00
-9.170784036318460508e+00 -3.250783681869506836e+00
-8.544314622879028320e+00 -3.464099884033203125e+00
-8.260263085365295410e+00 -3.217332681020101059e+00
-7.721959312756855986e+00 -3.950241327285766602e+00
-7.918324391047160127e+00 -4.416644016901652314e+00
-7.683299700419108369e+00 -3.793063561121622573e+00
-8.587190866470336914e+00 -4.103044033050537109e+00
-9.007353822390237852e+00 -3.129771788914998520e+00
-9.091921567916870117e+00 -3.287059545516967773e+00
-9.012380997339883848e+00 -2.973363081614176284e+00
-8.552236159642538027e+00 -3.586283206939697266e+00
-8.909970482190450625e+00 -2.976455370585123550e+00
-8.985207080841064453e+00 -3.269136269887288559e+00
-9.284125328063964844e+00 -2.712566693623860825e+00
-9.524734576543172793e+00 -3.344733556111653794e+00
-8.965311010678609804e+00 -3.288695414861043442e+00
-9.350231806437173887e+00 -2.946144342422485352e+00
-9.382141908009847597e+00 -3.875942389170328628e+00
-8.657460371653238340e+00 -3.069917360941568862e+00
-9.099064191182455019e+00 -3.516400734583536636e+00
-9.259771903355916933e+00 -2.563271522521972656e+00
-9.084704796473184629e+00 -3.312478621800740708e+00
-9.422031323115030332e+00 -3.087449789047241211e+00
-9.612455050150552793e+00 -2.939094940821329605e+00
-9.802857478459676699e+00 -2.738892555236816406e+00
-9.812708536783853575e+00 -2.942979653676351059e+00
-9.400185823440551758e+00 -2.359173218409220230e+00
-8.577552755673726992e+00 -3.826269626617431641e+00
-9.228833993275960879e+00 -2.346680243810018052e+00
-9.282655239105224609e+00 -2.718427737553914536e+00
-8.974085728327432676e+00 -3.386934041976928711e+00
-8.565817713737487793e+00 -3.066865364710489761e+00
-9.290982961654663086e+00 -3.050836563110351562e+00
-9.211121956507364317e+00 -2.979826132456461441e+00
-8.456446766853332520e+00 -3.945542335510253906e+00
-9.118220488230386778e+00 -3.303606351216634263e+00
-9.687707662582397461e+00 -2.744715372721354019e+00
-1.005325579643249512e+01 -2.730173349380493164e+00
-9.735176801681518555e+00 -2.393926620483398438e+00
-9.486419916152954102e+00 -3.295090834299723159e+00
-1.009477917353312115e+01 -2.907617251078287612e+00
-9.969538847605386778e+00 -2.676233609517415513e+00
-8.851720849672952696e+00 -2.788925806681314956e+00
-9.386343081792196230e+00 -3.228667338689168442e+00
-9.431115388870239258e+00 -2.585890094439188491e+00
-8.999259789784749941e+00 -3.061655839284261216e+00
-9.997048139572143555e+00 -3.819173494974771987e+00
-1.038468750317891498e+01 -3.331190268198648941e+00
-8.756261428197225527e+00 -3.406761964162190903e+00
-1.004361462593078613e+01 -3.502912759780883789e+00
-9.761267185211181641e+00 -2.760071436564127456e+00
-1.028775668144226074e+01 -2.236807386080423843e+00
-1.022666660944620709e+01 -2.930845538775125991e+00
-1.006431190172831158e+01 -2.419655760129292954e+00
-9.796083728472391172e+00 -3.076710383097330581e+00
-8.875623663266500429e+00 -3.076363563537597656e+00
-9.398735920588174864e+00 -3.191432317097981919e+00
-1.015862758954366107e+01 -2.380428314208984375e+00
-9.963208119074502989e+00 -2.882742802302042495e+00
-1.031853159268697162e+01 -3.016128540039062500e+00
-1.058862288792928119e+01 -2.344283084074656021e+00
-1.034496863683064838e+01 -2.738857865333557129e+00
-1.024619086583455463e+01 -2.909346818923950195e+00
-1.025419465700785260e+01 -3.007671991984049331e+00
-1.037900829315185547e+01 -3.238361279169718276e+00
-9.473276575406393007e+00 -2.551208019256591797e+00
-9.848038117090860410e+00 -2.637782851854959976e+00
-1.045921349525451660e+01 -3.510571082433064927e+00
-1.053053498268127441e+01 -2.391394019126892090e+00
-1.066726835568745990e+01 -3.210952838261922349e+00
-1.052168122927347760e+01 -2.946874777475992691e+00
-1.004166857401529889e+01 -3.602106332778930664e+00
-9.937433878580728575e+00 -2.798934618631998550e+00
-9.561349232991537050e+00 -3.024487336476644028e+00
-9.707393209139505430e+00 -2.690556287765502930e+00
-1.022469552357991596e+01 -3.002345164616902817e+00
-1.102103900909423828e+01 -2.520930051803588867e+00
-1.086683495839436908e+01 -2.501863002777099609e+00
-9.175669908523559570e+00 -3.971376736958821763e+00
-9.665036678314208984e+00 -3.189168214797973633e+00
-9.459887901941934629e+00 -3.572007020314534653e+00
-9.815091252326965332e+00 -2.661267439524332534e+00
-9.992096424102783203e+00 -3.537022868792215835e+00
-1.072713438669840436e+01 -2.707121690114339341e+00
-9.840161760648092226e+00 -2.736743768056233872e+00
-1.029979761441548725e+01 -3.407853643099466812e+00
-1.115418084462483783e+01 -2.365651528040567886e+00
-1.050907635688781738e+01 -2.420544624328613281e+00
-1.053380636374155621e+01 -3.278377771377563477e+00
-1.004985833168029785e+01 -2.634900093078613281e+00
-1.054173858960469623e+01 -2.647772471110025894e+00
-1.090757377942403217e+01 -2.507365067799886216e+00
-1.001193090279897113e+01 -2.315785805384317886e+00
-8.981786131858825684e+00 -3.259313186009725083e+00
-9.937998215357461973e+00 -3.133186062177022446e+00
-9.545557141304016113e+00 -2.379412094751993667e+00
-1.028131532669067383e+01 -2.522757530212402344e+00
-1.111517365773518939e+01 -2.371772766113281250e+00
-1.070035743713378906e+01 -2.666187445322672378e+00
-1.067192784945170025e+01 -3.011126637458801270e+00
-1.093055844306945801e+01 -2.834608356157938491e+00
-1.144675024350484271e+01 -2.535196185111999512e+00
-1.109584752718607525e+01 -2.419223467508951675e+00
-1.049318877855936627e+01 -2.636326789855957031e+00
-1.060799686113993268e+01 -2.833232959111531724e+00
-1.120656236012776752e+01 -3.288572152455647934e+00
-1.108074299494425397e+01 -2.641095081965128433e+00
-1.083444499969482422e+01 -2.486270507176717270e+00
-1.091460998853047748e+01 -2.443126757939656724e+00
-1.147305361429850201e+01 -2.214752237002054702e+00
-1.069592968622843365e+01 -3.436059474945068359e+00
-1.125579341252644916e+01 -1.978188117345174080e+00
-9.749862233797708555e+00 -3.313781579335530747e+00
-9.892394701639810606e+00 -2.928325017293294419e+00
-1.059929180145263672e+01 -2.802266041437784683e+00
-1.198916554450988770e+01 -2.823371410369873047e+00
-1.020605552196502686e+01 -2.983870347340901841e+00
-9.000262419382730528e+00 -3.368739843368530273e+00
-9.685253699620565371e+00 -3.004394809405008804e+00
-1.103496305147806744e+01 -3.117317597071329605e+00
-1.087851488590240479e+01 -2.709493358929952134e+00
-1.049099914232889752e+01 -2.856853485107421875e+00
-1.119465072949727436e+01 -2.321834603945414077e+00
-1.009487958749135394e+01 -2.698704799016316880e+00
-1.127884777386983295e+01 -2.790264129638671875e+00
-1.168955477078755756e+01 -2.974870125452677261e+00
-9.556245366732278868e+00 -2.767413417498270523e+00
-9.795177777608236269e+00 -2.513967275619506836e+00
-1.076308385531107525e+01 -3.433210333188374985e+00
-1.095649600028991699e+01 -2.724091847737630356e+00
-1.116912666956583600e+01 -2.557038784027099609e+00
-1.062189396222432514e+01 -2.796079715092977036e+00
-1.131260045369466205e+01 -3.130864262580871582e+00
-1.131581807136535645e+01 -2.776255528132120620e+00
-1.171582094828287701e+01 -2.095781723658243667e+00
-1.161490710576375385e+01 -2.769274950027465820e+00
-1.217613744735717773e+01 -2.673978010813395034e+00
-1.166999610265096088e+01 -2.795822302500406753e+00
-1.198457479476928711e+01 -2.915387948354085434e+00
-1.165057714780171771e+01 -3.535011927286783706e+00
-1.044814395904541016e+01 -2.963475227355957031e+00
-1.103355836868286133e+01 -2.755088965098063003e+00
-1.196804539362589459e+01 -3.122958262761434067e+00
-1.158609501520792584e+01 -2.015821218490600586e+00
-1.096404369672139545e+01 -2.920943657557169448e+00
-1.112741343180338482e+01 -1.781416694323221916e+00
-9.766308188438415527e+00 -3.003770987192789566e+00
-1.055127557118733783e+01 -2.638024568557739258e+00
-1.111564461390177350e+01 -2.855030536651611328e+00
-1.174461976687113385e+01 -2.488690455754598130e+00
-1.157298103968302350e+01 -2.729458888371785630e+00
-1.005777573585510254e+01 -3.977422952651977539e+00
-1.077733508745829205e+01 -3.426492134730021011e+00
-1.116443665822347064e+01 -2.377593080202738296e+00
-1.178134576479593854e+01 -2.511298020680745591e+00
-1.209735767046610455e+01 -2.297279834747314453e+00
-1.169557746251424213e+01 -2.841470241546630859e+00
-1.246905684471130371e+01 -2.170000274976094712e+00
-1.217332084973653217e+01 -2.291704177856445312e+00
-1.130170623461405377e+01 -2.973226626714070786e+00
-1.206066997845967670e+01 -2.759003003438313950e+00
-8.552965939044952393e+00 -2.382828076680501450e+00
-7.349561969439188935e+00 -3.823522011439005386e+00
-8.866289337476095156e+00 -4.491836945215861299e+00
-1.133605337142944336e+01 -2.763473908106485855e+00
-1.169017140070597272e+01 -2.210775534311930191e+00
-8.547487854957580566e+00 -3.413687388102213394e+00
-1.023758363723754883e+01 -2.999974091847737778e+00
-1.139905516306559186e+01 -3.085915565490722656e+00
-1.152357157071431537e+01 -2.335662484169006348e+00
-1.143131621678670307e+01 -2.393064498901367188e+00
-1.114493147532145123e+01 -2.543261329332987319e+00
-1.040114549795786481e+01 -2.712774753570556641e+00
-1.062234226862589459e+01 -2.793932040532430161e+00
-1.050817692279815674e+01 -3.016434748967488755e+00
-1.199096798896789551e+01 -3.107969601949056138e+00
-1.250492151578267475e+01 -2.420137524604797363e+00
-1.196405045191446881e+01 -2.483393748601277817e+00
-1.119864153861999512e+01 -2.662707169850667466e+00
-1.236179947853088379e+01 -3.046804428100585938e+00
-1.226343297958374023e+01 -2.929530064264933120e+00
-1.112455177307128906e+01 -3.370354811350504409e+00
-1.221785004933675189e+01 -2.652465025583902847e+00
-1.085715540250142475e+01 -2.568584442138671875e+00
-1.272448714574178119e+01 -2.729760408401489258e+00
-1.253555623690287213e+01 -2.779115835825602066e+00
-1.095919116338094135e+01 -1.762455264727274651e+00
-9.779603679974874453e+00 -3.574038664499918472e+00
-1.167130343119303326e+01 -2.502796729405721177e+00
-1.093075044949849506e+01 -2.725878079732259263e+00
-1.258485372861226459e+01 -2.188532948493957520e+00
-1.269633762041727643e+01 -2.508038838704427231e+00
-1.254806518554687500e+01 -2.724198381106058608e+00
-1.232893371582031250e+01 -2.903481642405191909e+00
-1.244876774152120014e+01 -2.537562290827433120e+00
-1.160946583747863770e+01 -3.216834942499796401e+00
-1.214869292577107807e+01 -2.890915075937906753e+00
-1.162917105356852154e+01 -2.872363090515136719e+00
-1.255436452229817768e+01 -2.997120141983032227e+00
-1.283619006474812885e+01 -2.266842842102050781e+00
-1.293218469619750977e+01 -2.932036717732747544e+00
-1.287642431259155273e+01 -2.829661130905151367e+00
-1.160197488466898541e+01 -2.795418461163838852e+00
-1.090920543670654297e+01 -3.386165777842203628e+00
-1.214942113558451275e+01 -2.760486125946044922e+00
-1.315554889043172260e+01 -3.113926410675048828e+00
-1.320382920900980572e+01 -2.245425343513488770e+00
-1.240839536984761615e+01 -3.166220307350158691e+00
-1.188379057248433490e+01 -2.833745956420898438e+00
-1.142037582397460938e+01 -3.015002330144246567e+00
-1.278362758954366107e+01 -2.337065736452738296e+00
-1.358622884750366211e+01 -2.818485657374063980e+00
-1.322100337346394916e+01 -2.716085275014241684e+00
-1.306561803817749023e+01 -3.504558881123860825e+00
-1.212924265861511230e+01 -2.964645266532897949e+00
-1.074387196699778180e+01 -2.880675951639811050e+00
-1.198044244448343854e+01 -2.395448605219522964e+00
-1.276927026112874408e+01 -2.741151014963785659e+00
-1.289027380943298340e+01 -1.785521467526753669e+00
-1.088364338874816895e+01 -2.222437103589375962e+00
-1.016138664881388287e+01 -3.265407085418701172e+00
-1.110945010185241699e+01 -2.568144639333089341e+00
-1.226414791742960553e+01 -3.013218084971109878e+00
-1.303100530306498150e+01 -1.839609026908874512e+00
-1.155465014775594135e+01 -2.866987466812133789e+00
-1.261868198712666889e+01 -3.177881240844726562e+00
-1.261230715115865131e+01 -2.824611186981201172e+00
-1.295865909258524518e+01 -2.662690003712972153e+00
-1.204664874076843262e+01 -2.982821782430013169e+00
-1.192828019460042377e+01 -1.944816072781880623e+00
-1.139311440785725971e+01 -2.853383779525756836e+00
-1.262438988685607910e+01 -2.295690894126892090e+00
-1.329542175928751568e+01 -2.272731264432271470e+00
-1.177422722180684467e+01 -2.274974544843038071e+00
-1.257316120465596576e+01 -2.207942922910054673e+00
-1.368961294492085834e+01 -2.200731158256530762e+00
-1.344149764378865619e+01 -1.954613685607910156e+00
-1.017729449272155762e+01 -2.173153519630432129e+00
-9.114961385726928711e+00 -2.886856635411580552e+00
-1.057298700014750104e+01 -3.576506376266479492e+00
-1.223554110527038574e+01 -2.630513429641723633e+00
-1.311132836341857910e+01 -2.300663550694783677e+00
-1.310207740465799908e+01 -3.063511451085408677e+00
-1.351453884442647357e+01 -2.537652492523193359e+00
-1.321263329188028912e+01 -2.953132549921671401e+00
-1.282406814893086811e+01 -2.506184260050455581e+00
-1.208374126752217670e+01 -2.811031500498453628e+00
-1.301787654558817486e+01 -2.414854288101196289e+00
-1.239829778671264648e+01 -2.920554478963216294e+00
-1.156218934059143066e+01 -2.775624990463256836e+00
-1.216492629051208496e+01 -2.610253810882568359e+00
-1.229755791028340717e+01 -2.839390039443969727e+00
-1.262480696042378803e+01 -2.617643117904663086e+00
-1.329029933611551861e+01 -2.732293605804443359e+00
-1.169668706258138080e+01 -2.276127497355143081e+00
-1.181646498044331928e+01 -2.552844603856404770e+00
-1.164692942301432232e+01 -2.260557095209757339e+00
-1.241537213325500488e+01 -2.506831924120584976e+00
-1.309648021062215228e+01 -2.440344651540120591e+00
-1.290351287523905377e+01 -2.479013284047444809e+00
-1.350447416305541992e+01 -3.061844070752461899e+00
-1.334363532066345215e+01 -3.055804967880249023e+00
-1.326634899775187115e+01 -2.735695044199625503e+00
-1.226708579063415527e+01 -2.490370035171508789e+00
-1.340501475334167480e+01 -2.651171048482259263e+00
-1.209067082405090332e+01 -2.976543744405110825e+00
-1.337710499763488770e+01 -2.567404111226399888e+00
-1.343166693051656146e+01 -2.353163878122965347e+00
-1.405941041310628314e+01 -2.107281267642974854e+00
-1.399463836352030377e+01 -2.709834098815917969e+00
-1.300614436467488666e+01 -2.663466850916544448e+00
-1.315636006991068463e+01 -2.767827351888020981e+00
-1.384218541781107525e+01 -2.982777516047159683e+00
-1.186151691277821918e+01 -1.852483510971069336e+00
-1.018298681577046771e+01 -2.634858210881551255e+00
-1.180841437975565533e+01 -3.097313086191813003e+00
-1.366611433029174805e+01 -2.785609761873880874e+00
-1.382364543279012103e+01 -2.849206686019897461e+00
-1.371470856666564941e+01 -2.507604002952575684e+00
-1.334727160135904889e+01 -3.019711653391520034e+00
-1.322985839843750000e+01 -2.776587883631388198e+00
-1.329390056927998920e+01 -2.806542714436849106e+00
-1.174095161755879779e+01 -2.913263241449991714e+00
-1.335257577896118164e+01 -2.542475144068399917e+00
-1.240022261937459369e+01 -2.614446957906087388e+00
-1.193791206677754779e+01 -2.932795604070027817e+00
-1.356855177879333496e+01 -2.764373540878295898e+00
-1.407566912968953510e+01 -2.799851338068644058e+00
-1.373604917526245117e+01 -2.048813919226328384e+00
-1.491204285621643066e+01 -2.544323047002156724e+00
-1.352571551005045514e+01 -2.854830741882324219e+00
-1.446194060643514057e+01 -2.606042226155599106e+00
-1.348800834019978900e+01 -2.768581310907999526e+00
-1.373163000742594342e+01 -2.378383437792459976e+00
-1.149559005101521869e+01 -2.628937482833862305e+00
-1.460006284713745117e+01 -2.518965164820353042e+00
-1.277805058161417584e+01 -2.642562786738077651e+00
-1.300757249196370502e+01 -2.720434745152791489e+00
-1.254825647672017475e+01 -2.255965868631998550e+00
-1.259285632769266705e+01 -2.770423173904418945e+00
-1.442897748947143555e+01 -2.897106409072875977e+00
-1.459606973330179791e+01 -2.347432454427083481e+00
-1.245054141680399518e+01 -2.151445309321085464e+00
-9.812641978263854980e+00 -2.350353002548217773e+00
-1.112869572639465332e+01 -2.522876103719075669e+00
-1.331685225168863873e+01 -2.622026602427164566e+00
-1.326185544331868549e+01 -2.507925987243652344e+00
-1.227280561129252057e+01 -3.035396734873453628e+00
-1.323507992426554303e+01 -2.259646813074747573e+00
-1.314778542518615723e+01 -2.421010633309682358e+00
-1.409402656555175781e+01 -3.198337793350219727e+00
-1.073156873385111432e+01 -2.337321003278096665e+00
-1.151128347714742084e+01 -3.186083714167276870e+00
-1.427072191238403320e+01 -2.238479296366373550e+00
-1.019380549589792828e+01 -1.529687643051147461e+00
-8.552598337332407041e+00 -3.599988698959350586e+00
-1.215980641047159772e+01 -2.703197399775187026e+00
-1.339566405614217182e+01 -2.742930809656778823e+00
-1.382259631156921387e+01 -2.168260693550109863e+00
-1.272156413396199603e+01 -2.537509600321451675e+00
-1.299926479657491107e+01 -2.151567697525024414e+00
-1.336456799507141113e+01 -3.119247515996297349e+00
-1.321022224426269531e+01 -2.459430376688639175e+00
-1.419470143318176270e+01 -2.451698819796244155e+00
-1.332498335838317871e+01 -2.114440123240152847e+00
