# Train Val
5.029117842515309356e+00 -5.260100464026132988e-02
-1.208110702534516578e+00 -2.797643184661865234e+00
-3.241077979405721177e+00 -3.546192804972330581e+00
-3.783525665601094712e+00 -4.216906865437825225e+00
-4.689632833003997803e+00 -5.506753126780192353e+00
-6.135645548502604463e+00 -7.253596941630045869e+00
-7.707149227460225127e+00 -8.180302937825521425e+00
-9.834448178609212832e+00 -1.342163149515787701e+01
-1.551540358861287494e+01 -1.490047073364257812e+01
-1.551498643557230572e+01 -2.094076728820800781e+01
-1.858028173446655273e+01 -1.745461591084798059e+01
-1.858768192927042762e+01 -2.015943272908528527e+01
-2.213614034652709961e+01 -2.414915275573730469e+01
-2.516377798716227332e+01 -2.642015965779622277e+01
-2.377649482091267785e+01 -2.702701441446940223e+01
-2.557592264811198035e+01 -2.543283144632975379e+01
-2.583657471338907996e+01 -2.524961916605631629e+01
-2.330975135167439660e+01 -1.963183275858561316e+01
-2.470953035354614258e+01 -2.369824218750000000e+01
-2.540619802474975586e+01 -2.803378868103027344e+01
-2.441158310572306434e+01 -2.481545639038085938e+01
-2.545055913925170898e+01 -2.736989784240722656e+01
-2.632775052388508996e+01 -2.658094215393066406e+01
-2.520579608281453332e+01 -1.734852027893066406e+01
-2.502643156051635742e+01 -2.654470698038737098e+01
-2.803010479609171668e+01 -2.963392639160156250e+01
-2.977995729446411133e+01 -2.814308547973632812e+01
-2.780441109339396277e+01 -2.852981185913085938e+01
-2.767802572250366211e+01 -2.974987284342448035e+01
-2.628465270996093750e+01 -2.885855801900227746e+01
-2.785548671086629113e+01 -2.889970525105794152e+01
-2.848803997039794922e+01 -2.773807207743326941e+01
-2.698792664210001746e+01 -2.721612358093261719e+01
-2.667903518676757812e+01 -2.742581113179524621e+01
-2.922371387481689453e+01 -2.762109057108561316e+01
-2.836172453562418738e+01 -2.840636571248372277e+01
-2.832639439900716027e+01 -2.674522082010905066e+01
-2.829696734746297082e+01 -2.755289014180501184e+01
-2.815375471115112305e+01 -2.117733828226725379e+01
-2.523104810714721680e+01 -2.851889610290527344e+01
-2.783111763000488281e+01 -3.002246475219726562e+01
-3.061627658208211145e+01 -3.174025281270344934e+01
-2.974161275227864465e+01 -3.027721659342448035e+01
-3.046543820699055871e+01 -3.014594332377116004e+01
-2.979279851913452148e+01 -2.862646929423014441e+01
-2.958623568216959754e+01 -3.046930376688639441e+01
-3.135757795969645301e+01 -2.623102951049804688e+01
-2.968648386001586914e+01 -3.001281865437825402e+01
-3.015079816182454309e+01 -3.109691747029622277e+01
-3.003217347462971887e+01 -2.945783933003743371e+01
-2.937935638427734375e+01 -2.760055732727050781e+01
-2.949899593989054480e+01 -2.751915486653645715e+01
-3.077180258433024207e+01 -3.030277061462402344e+01
-3.169733222325642785e+01 -3.160256576538085938e+01
-3.128838189442952356e+01 -2.922105407714843750e+01
-2.903169616063435754e+01 -2.441072273254394531e+01
-2.693564271926879883e+01 -2.191513315836588660e+01
-2.679136101404825965e+01 -2.707710266113281250e+01
-3.020848035812377930e+01 -3.010364087422688684e+01
-3.121705007553100586e+01 -3.077133814493815223e+01
-2.978155056635538855e+01 -2.653477478027343750e+01
-2.872286494572957238e+01 -3.052851168314616004e+01
-2.937598657608032227e+01 -2.873004023234049598e+01
-2.937958447138468543e+01 -2.897269948323567590e+01
-3.004103724161783973e+01 -2.968215243021647254e+01
-3.048910729090372840e+01 -2.987086741129557410e+01
-3.035533968607584754e+01 -3.173438898722330848e+01
-3.095934804280598840e+01 -2.925547281901041785e+01
-3.103532934188842773e+01 -3.079004160563151160e+01
-2.968681017557780066e+01 -2.952142651875813684e+01
-3.086191638310750207e+01 -2.820585823059082031e+01
-2.882837915420532227e+01 -3.009383773803710938e+01
-3.197592814763386926e+01 -3.107382965087890625e+01
-3.207508055369059008e+01 -3.132072003682454309e+01
-3.102423350016276160e+01 -2.862230809529622277e+01
-3.050457477569580078e+01 -2.598144976298014441e+01
-2.877657334009806434e+01 -2.368720944722493371e+01
-2.490074284871419152e+01 -2.582930692036946496e+01
-2.974676815668741980e+01 -3.126666514078776160e+01
-3.009821446736653527e+01 -2.708858617146809777e+01
-2.876021226247151574e+01 -2.814381217956542969e+01
-3.074796930948893348e+01 -2.940968704223632812e+01
-3.102720435460408410e+01 -2.870270665486653527e+01
-3.193865617116292199e+01 -3.011583455403645715e+01
-2.935315195719401160e+01 -3.119810040791829309e+01
-2.880736923217773438e+01 -2.726898320515950402e+01
-2.963500134150187293e+01 -2.969331677754719934e+01
-3.196434100468953332e+01 -3.210049374898274976e+01
-3.057665634155273438e+01 -2.481495730082194129e+01
-2.762484312057495117e+01 -2.828469085693359375e+01
-3.042391204833984375e+01 -3.002670796712239465e+01
-3.134965705871582031e+01 -3.094563674926757812e+01
-3.211272891362508375e+01 -3.168914159138997277e+01
-2.902342160542805871e+01 -2.835821406046549598e+01
-2.599403731028239051e+01 -2.696043078104655066e+01
-2.896537939707438269e+01 -2.806322034200032434e+01
-2.821135934193928918e+01 -2.750615501403808594e+01
-2.899019161860148230e+01 -2.837519518534342566e+01
-3.121716054280598840e+01 -3.014523760477701941e+01
-3.218796014785766602e+01 -3.101476860046386719e+01
-3.253061230977376539e+01 -3.179706192016601562e+01
-3.275232219696044922e+01 -2.631160036722819129e+01
-2.983874289194742957e+01 -2.755233065287272254e+01
-3.032901875178019324e+01 -3.096075185139973840e+01
-3.277102740605672437e+01 -3.062031682332356652e+01
-3.125107256571451941e+01 -2.602198346455891809e+01
-2.881192811330159387e+01 -2.594151369730631629e+01
-2.851146936416625977e+01 -2.854911231994628906e+01
-3.181998713811238488e+01 -2.774523162841796875e+01
-2.975374587376912316e+01 -3.085242207845051965e+01
-2.868518034617106238e+01 -2.929235776265462121e+01
-2.983001216252644738e+01 -3.017005284627278527e+01
-3.104591464996337891e+01 -2.938728396097819129e+01
-3.084494527180989465e+01 -2.957895024617512902e+01
-3.143751939137776574e+01 -3.006014823913574219e+01
-3.070468918482462684e+01 -3.031664148966471473e+01
-3.140424776077270508e+01 -2.739400037129719934e+01
-3.062097581227620324e+01 -3.092805480957031250e+01
-3.033839114507039270e+01 -2.814236640930175781e+01
-3.041374333699544152e+01 -2.930376116434733191e+01
-3.257001479466756422e+01 -3.016626167297363281e+01
-3.237475649515787524e+01 -3.063493029276530066e+01
-3.163854853312174598e+01 -2.991665140787760535e+01
-3.187633895874023438e+01 -3.170950126647949219e+01
-3.312850538889566820e+01 -3.016820844014485559e+01
-3.290001535415649414e+01 -3.145307731628417969e+01
-3.136775112152099609e+01 -2.710807736714680871e+01
-3.052349742253621301e+01 -2.729946136474609375e+01
-2.994834391276041785e+01 -2.765254020690917969e+01
-3.106856886545817176e+01 -3.097425015767415246e+01
-3.162393983205159387e+01 -3.036256217956542969e+01
-3.134952831268310547e+01 -2.822649447123209754e+01
-3.186180321375529090e+01 -3.018099149068196496e+01
-3.299433803558349609e+01 -3.118610827128092566e+01
-3.149100605646769324e+01 -2.918757502237955848e+01
-3.248719994227091235e+01 -3.073774719238281250e+01
-2.987702798843383789e+01 -2.384600639343261719e+01
-2.750652456283569336e+01 -2.967917696634928504e+01
-3.028264808654785156e+01 -2.751182301839192590e+01
-2.962038707733154297e+01 -2.973101107279459754e+01
-3.069525416692097863e+01 -2.859490776062011719e+01
-3.136143732070922852e+01 -2.994043668111165246e+01
-3.184930229187011719e+01 -3.108046086629231652e+01
-3.238983154296875000e+01 -2.749891217549641809e+01
-3.102034235000610352e+01 -3.128214772542317590e+01
-2.992576201756795129e+01 -2.792540423075358191e+01
-3.199893299738566199e+01 -3.137472407023112098e+01
-3.341272958119710523e+01 -3.145377286275227746e+01
-3.075472434361775598e+01 -2.491078567504882812e+01
-2.789397223790486535e+01 -2.970704078674316406e+01
-2.588363758722941199e+01 -2.575543085734049598e+01
-2.265918699900309363e+01 -2.367224820454915246e+01
-2.807030550638834754e+01 -2.889241154988606652e+01
-3.155689748128255090e+01 -2.852253468831380090e+01
-3.063736995061238488e+01 -2.927528635660807410e+01
-2.938349994023640832e+01 -2.744938596089680871e+01
-3.061497879028320312e+01 -3.177611033121744910e+01
-3.140648905436198035e+01 -2.928277969360351562e+01
-3.153455003102620324e+01 -3.125322596232096473e+01
-3.293440453211466235e+01 -3.222253545125325758e+01
-3.290940936406453687e+01 -2.985931777954101562e+01
-2.987857913970947266e+01 -2.334296925862630090e+01
-2.825933392842610559e+01 -3.077895355224609375e+01
-2.860245084762573242e+01 -2.761088625590006629e+01
-2.811991866429646691e+01 -2.999124463399251184e+01
-2.987997070948282996e+01 -2.795514361063639441e+01
-3.146830368041992188e+01 -2.869753901163737098e+01
-3.161790434519449988e+01 -2.866863250732421875e+01
-3.158133125305175781e+01 -2.891056378682454309e+01
-3.041769266128540039e+01 -3.146454683939616004e+01
-2.856801859537760535e+01 -2.613687769571940223e+01
-3.038507763544718543e+01 -3.049567858378092566e+01
-3.176915311813354492e+01 -3.144656244913737098e+01
-3.142668167750040809e+01 -3.164030456542968750e+01
-3.117403237024943152e+01 -2.841841125488281250e+01
-2.985419623057047644e+01 -2.204310226440429688e+01
-2.410363467534383020e+01 -2.817330360412597656e+01
-2.966975418726603309e+01 -2.985613250732421875e+01
-3.135233163833618164e+01 -2.975471369425455848e+01
-3.198262802759806434e+01 -2.905449422200520715e+01
-3.219357426961263258e+01 -3.048076947530110559e+01
-3.258094517389933031e+01 -3.096028582255045691e+01
-3.275006516774495680e+01 -3.006940778096516809e+01
-3.299508460362752515e+01 -3.158117612202962121e+01
-3.227782742182413500e+01 -3.172416241963704309e+01
-2.914139080047607422e+01 -3.113182767232258996e+01
-2.976102463404337684e+01 -3.031666692097981652e+01
-3.111107126871744910e+01 -3.098764101664225379e+01
-3.218977483113607008e+01 -3.139802233378092566e+01
-3.036552047729492188e+01 -3.024813715616862098e+01
-3.118233728408813477e+01 -2.915375582377116004e+01
-3.173027912775675574e+01 -3.086465072631835938e+01
-3.343999735514322680e+01 -2.953371302286783973e+01
-3.009671672185261926e+01 -2.906259282430012902e+01
-3.197910467783610144e+01 -2.910240173339843750e+01
-3.146899302800496301e+01 -2.661311467488606652e+01
-3.076517518361409387e+01 -2.875954818725585938e+01
-3.061872720718383789e+01 -2.976583099365234375e+01
-3.122792307535807410e+01 -3.126614061991373816e+01
-3.357490603129068774e+01 -2.904273414611816406e+01
-3.131958595911661902e+01 -2.909229469299316406e+01
-3.168914937973022461e+01 -2.987099075317382812e+01
-3.169177643458048621e+01 -2.997327105204264441e+01
-3.171994018554687500e+01 -2.891945584615071496e+01
-3.290246470769246656e+01 -3.096726862589518348e+01
-3.216347312927246094e+01 -2.607549285888671875e+01
-2.855464474360148230e+01 -3.133557955423991004e+01
-3.300080792109171313e+01 -3.080629158020019531e+01
-3.061017894744873047e+01 -2.846065902709960938e+01
-3.213099416097005445e+01 -3.046064821879069129e+01
-3.039835103352864465e+01 -3.052442487080891809e+01
-3.189969587326049805e+01 -2.870195897420247277e+01
-3.218281507492065430e+01 -3.096522776285807410e+01
-3.209113581975301344e+01 -2.970319684346516809e+01
-2.897903744379679480e+01 -2.903494326273600379e+01
-2.986230516433715820e+01 -3.004763476053873816e+01
-3.184648100535074988e+01 -2.994669787089030066e+01
-3.166871261596679688e+01 -3.085446739196777344e+01
-3.243008915583292406e+01 -2.997606086730957031e+01
-3.279980548222859937e+01 -3.147358767191569129e+01
-3.400930563608805102e+01 -3.214274152119954664e+01
-3.296308088302612305e+01 -3.074961662292480469e+01
-3.193635447820027551e+01 -2.911558723449707031e+01
-3.192917982737223426e+01 -3.050637626647949219e+01
-3.397426096598307055e+01 -3.184362157185872277e+01
-3.321722984313964844e+01 -2.968580245971679688e+01
-3.247371514638265211e+01 -2.995334625244140625e+01
-3.391425069173177320e+01 -2.946823692321777344e+01
-3.055386892954508582e+01 -2.887949625651041785e+01
-3.222461779912313062e+01 -3.173501332600911340e+01
-3.397750949859619141e+01 -3.125963783264160156e+01
-3.193839661280314246e+01 -2.986841074625651160e+01
-3.211872466405232984e+01 -2.689318529764811316e+01
-3.114779599507649621e+01 -2.900964800516764441e+01
-3.227609936396280688e+01 -3.071243476867675781e+01
-3.166292905807495117e+01 -3.047767829895019531e+01
-2.967770195007324219e+01 -3.040298525492350379e+01
-3.319657913843790453e+01 -3.085324033101399621e+01
-3.387411276499430102e+01 -3.146287282307942590e+01
-3.215668074289957445e+01 -3.069431813557942590e+01
-3.257212400436401367e+01 -3.009665234883626184e+01
-2.925823227564493934e+01 -2.722271537780761719e+01
-3.263089386622110766e+01 -2.871741549173991004e+01
-3.094760274887084961e+01 -3.162880325317382812e+01
-3.157566531499226770e+01 -3.081553141276041785e+01
-3.321184730529785156e+01 -2.934550285339355469e+01
-3.208883333206176758e+01 -3.158860143025716027e+01
-3.241677522659301758e+01 -3.150698216756184777e+01
-3.275487693150838453e+01 -2.915776252746582031e+01
-3.238945436477661133e+01 -2.956540298461914062e+01
-3.267944161097208422e+01 -2.767731730143229285e+01
-3.262929248809814453e+01 -3.149729029337565223e+01
-3.389452457427978516e+01 -3.078784052530924598e+01
-3.047398996353149414e+01 -3.076768684387207031e+01
-3.146099535624186316e+01 -3.010485204060872277e+01
-3.286975526809692383e+01 -2.995672988891601562e+01
-3.067598438262939453e+01 -3.086530558268229285e+01
-3.241616121927896899e+01 -3.073391532897949219e+01
-3.382347710927327711e+01 -3.092980766296386719e+01
-3.430832163492838305e+01 -3.097348531087239465e+01
-3.191448640823364258e+01 -3.092082786560058594e+01
-2.652378575007120887e+01 -1.889742024739583215e+01
-2.539064375559489051e+01 -2.859997240702311316e+01
-2.945231978098551551e+01 -2.598983828226725379e+01
-3.015722433725992957e+01 -3.015682474772135535e+01
-3.273295672734578687e+01 -3.140430005391438684e+01
-3.375356483459472656e+01 -3.073156229654948035e+01
-3.290076430638631422e+01 -3.106703948974609375e+01
-3.394521363576253492e+01 -3.093380482991536340e+01
-3.302366828918457031e+01 -2.819521141052246094e+01
-3.141215515136718750e+01 -3.090465100606282434e+01
-3.308779366811116773e+01 -2.866554959615071496e+01
-3.165401395161946496e+01 -3.080782127380371094e+01
-3.354769452412923414e+01 -3.145812670389811316e+01
-3.330075820287068922e+01 -3.087717628479003906e+01
-3.176202201843261719e+01 -3.022048060099283973e+01
-2.908260075251261512e+01 -2.634808222452799598e+01
-3.032925526301066199e+01 -2.983513005574544152e+01
-3.197596057256062707e+01 -2.918415133158366004e+01
-2.994369459152221680e+01 -2.699095408121744910e+01
-3.168753258387247840e+01 -2.459175173441569129e+01
-3.069859743118286133e+01 -3.036145782470703125e+01
-3.222891680399576586e+01 -2.990345064798991004e+01
-3.210861158370971680e+01 -3.100831286112467566e+01
-3.338878011703491211e+01 -2.935674540201823035e+01
-3.228226327896118164e+01 -2.808066813151041785e+01
-3.205838235219319898e+01 -2.780790201822916785e+01
-3.165773264567057410e+01 -3.089351526896158973e+01
-3.419670613606771070e+01 -3.091369120279948035e+01
-3.310010751088460523e+01 -2.976476097106933594e+01
-3.248728672663370531e+01 -2.825138854980468750e+01
-3.263151168823242188e+01 -3.016986846923828125e+01
-3.068874263763427734e+01 -3.051355934143066406e+01
-3.340531778335571289e+01 -3.029879252115885535e+01
-3.419212929407755297e+01 -2.919656181335449219e+01
-3.200399065017700195e+01 -2.907404963175455848e+01
-3.249656947453816969e+01 -2.923499298095703125e+01
-3.253885300954183180e+01 -3.081103388468424598e+01
-3.352146879831949633e+01 -2.977873484293619910e+01
-3.348374811808267992e+01 -3.003606478373209754e+01
-3.261557626724243164e+01 -3.050705973307291785e+01
-3.275522677103678149e+01 -3.071700223286946496e+01
-3.290208053588867188e+01 -3.169374148050944129e+01
-3.060577726364135742e+01 -3.074635314941406250e+01
-3.323589849472045898e+01 -2.946636136372883996e+01
-3.119122346242268762e+01 -2.953449058532714844e+01
-3.310626204808553297e+01 -3.050234667460123816e+01
-3.428561274210611742e+01 -3.104422060648600379e+01
-3.311368163426717359e+01 -2.900743548075358191e+01
-3.320672098795572680e+01 -2.972784996032714844e+01
-3.273372570673624438e+01 -2.961248779296875000e+01
-3.191863059997558594e+01 -3.009716860453287879e+01
-3.061406930287678918e+01 -2.988268661499023438e+01
-3.183271519343058387e+01 -3.168879191080729285e+01
-3.260558478037516039e+01 -3.000812657674153527e+01
-3.290921656290689867e+01 -2.998748524983723840e+01
-3.088116884231567383e+01 -2.843865712483723840e+01
-3.074946975708007812e+01 -2.997391827901204309e+01
-3.049931112925211707e+01 -2.942761739095051965e+01
-3.214406744639078539e+01 -3.019653129577636719e+01
-3.309783919652303297e+01 -2.938079452514648438e+01
-3.303752024968465406e+01 -3.100940577189127723e+01
-3.377409013112386305e+01 -2.896130243937174598e+01
-3.203735303878784180e+01 -2.715869267781575402e+01
-3.094207255045573035e+01 -3.030616124471028527e+01
-3.174597740173339844e+01 -2.807380676269531250e+01
-3.254321050643920898e+01 -2.802083841959635535e+01
-3.253413279851277906e+01 -3.129111226399739465e+01
-3.414685630798339844e+01 -3.183838399251301965e+01
-3.370184183120727539e+01 -2.946384175618489465e+01
-3.194613027572631836e+01 -3.143109703063964844e+01
-3.399795373280843336e+01 -2.833020146687825402e+01
-3.362909317016601562e+01 -3.076659774780273438e+01
-3.343437051773071289e+01 -3.006326866149902344e+01
-3.176172860463460168e+01 -2.960438474019368371e+01
-3.237317498524983961e+01 -3.101635233561198035e+01
-3.260539166132608813e+01 -3.041072336832682410e+01
-3.289358663558959961e+01 -3.016242663065592566e+01
-3.368599208196004469e+01 -3.053658167521158973e+01
-3.360079526901245117e+01 -3.093189430236816406e+01
-3.357504558563232422e+01 -2.944892120361328125e+01
-3.158036597569783410e+01 -2.702652931213378906e+01
-2.786000951131184777e+01 -2.970894050598144531e+01
-3.181129598617553711e+01 -2.905286471048991004e+01
-3.236201127370198805e+01 -3.044991874694824219e+01
-3.077756150563557824e+01 -2.830445988972981652e+01
-3.188686354955037316e+01 -3.100300407409667969e+01
-3.113524611790974816e+01 -2.918347867329915246e+01
-3.254164187113443774e+01 -3.059330558776855469e+01
-3.341635847091674805e+01 -2.977347310384114465e+01
-3.314850346247354906e+01 -3.013812637329101562e+01
-3.186360263824462891e+01 -3.053394381205241004e+01
-3.364603551228841383e+01 -3.138419596354166785e+01
-3.428059196472167969e+01 -2.909607315063476562e+01
-3.262297074000040453e+01 -3.024682998657226562e+01
-3.251762851079305250e+01 -3.043091392517089844e+01
-3.238443152109781664e+01 -3.101309458414713660e+01
-3.235882568359375000e+01 -3.050876681009928504e+01
-3.280879275004068774e+01 -2.774045944213867188e+01
-3.108188517888386926e+01 -3.043331146240234375e+01
-3.169494644800822059e+01 -2.884486452738444129e+01
-3.219448852539062500e+01 -3.080347251892089844e+01
-3.461477979024251539e+01 -3.034041404724121094e+01
-3.405709060033162672e+01 -2.998429997762044152e+01
-3.217217938105265063e+01 -2.933498255411783973e+01
-3.186314884821574012e+01 -2.956911849975585938e+01
-3.281701882680257398e+01 -3.153776359558105469e+01
-3.400355974833170336e+01 -3.029166158040364465e+01
-3.408050568898519117e+01 -3.112942314147949219e+01
-3.498483657836914062e+01 -2.888847732543945312e+01
-3.218506971995035570e+01 -2.795017751057942590e+01
-2.953707202275593957e+01 -2.876813507080078125e+01
-3.173350477218627930e+01 -2.770721753438313684e+01
-3.234549681345621508e+01 -3.080879910786946496e+01
-3.282892910639444750e+01 -3.086806170145670691e+01
-3.246934588750203687e+01 -2.894333076477050781e+01
-3.331361071268717211e+01 -3.129083315531412879e+01
-3.103119198481241980e+01 -2.985510826110839844e+01
-3.254419167836507398e+01 -2.893175443013508996e+01
-3.336309401194254320e+01 -2.919092496236165246e+01
-3.312655115127563477e+01 -2.923510042826334754e+01
-3.233696428934732836e+01 -3.003788057963053504e+01
-3.241168149312337476e+01 -3.048092460632324219e+01
-3.402385679880777758e+01 -3.121534919738769531e+01
-3.348590660095214844e+01 -2.925574620564778527e+01
-3.225137090682983398e+01 -2.435767173767089844e+01
-2.991366799672444543e+01 -2.870526568094889441e+01
-3.341974735260009766e+01 -3.048483022054036340e+01
-3.106409947077433387e+01 -2.769520187377929688e+01
-3.157261912027994910e+01 -2.962473996480305871e+01
-3.303425439198812086e+01 -3.004967435201008996e+01
-3.313840198516845703e+01 -3.047167332967122277e+01
-3.200554259618123609e+01 -2.606490643819173059e+01
-3.064993810653686523e+01 -3.012942377726237098e+01
-3.445998446146646899e+01 -3.085593922932942590e+01
-3.503380076090494555e+01 -3.079664993286132812e+01
-3.424369923273722094e+01 -2.895720672607421875e+01
-3.237672249476114672e+01 -3.087704722086588660e+01
-3.281347036361694336e+01 -3.083720080057780066e+01
-3.275945456822713453e+01 -2.946783701578776160e+01
-3.280713144938150805e+01 -2.989442062377929688e+01
-3.146486377716064453e+01 -2.702627690633137902e+01
-3.095556688308715820e+01 -2.974228731791178504e+01
-3.145190604527791223e+01 -2.829244295756022254e+01
-3.159066295623779297e+01 -2.865801048278808594e+01
-3.293561712900797289e+01 -3.023782285054524621e+01
-3.343456411361694336e+01 -3.054448318481445312e+01
-3.313094679514566820e+01 -3.019446372985839844e+01
-3.172818501790364465e+01 -2.614338747660319129e+01
-2.962462075551350793e+01 -2.861195691426594934e+01
-3.275587368011474609e+01 -2.991433207194010535e+01
-3.040220959981282434e+01 -2.990241686503092566e+01
-3.235599946975708008e+01 -3.006516583760579309e+01
-3.096601883570353309e+01 -2.881736056009928504e+01
-3.016858673095703125e+01 -2.944229253133137902e+01
-3.146992921829223633e+01 -2.941896375020344934e+01
-3.301812918980916578e+01 -2.922873051961262902e+01
-3.345718161265055102e+01 -2.809824562072753906e+01
-3.298857482274373609e+01 -3.037420590718587121e+01
-3.327778482437133789e+01 -3.044528198242187500e+01
-3.512056446075439453e+01 -3.095060348510742188e+01
-3.071911382675170898e+01 -2.836618423461914062e+01
-3.120325756072998047e+01 -2.932396761576334754e+01
-3.392753473917642992e+01 -2.883040237426757812e+01
-3.335335079828897875e+01 -3.022516822814941406e+01
-3.238873704274495680e+01 -2.758293724060058594e+01
-3.141359488169352332e+01 -2.986957550048828125e+01
-3.283217763900756836e+01 -3.056981023152669152e+01
-3.411894639333089430e+01 -2.910318756103515625e+01
-3.338233613967895508e+01 -2.932463200887044152e+01
-3.363177585601806641e+01 -2.933672078450520715e+01
-3.375590181350708008e+01 -3.106160100301106652e+01
-3.255025291442871094e+01 -3.003553835550944129e+01
-3.343317286173502367e+01 -3.030844879150390625e+01
-3.511134115854898852e+01 -3.054133478800455848e+01
-3.528089555104573805e+01 -3.117196083068847656e+01
-3.347569481531778735e+01 -2.995031992594401160e+01
-3.156746355692545691e+01 -3.074141120910644531e+01
-3.269915994008382398e+01 -2.953086407979329309e+01
-3.387423451741536695e+01 -2.968555959065755090e+01
-3.423259449005126953e+01 -3.102852630615234375e+01
-3.501389249165853101e+01 -3.052769851684570312e+01
-3.424445120493570727e+01 -3.022216351826985559e+01
-3.435470676422119141e+01 -3.136633872985839844e+01
-3.278492816289266187e+01 -3.070160484313964844e+01
-3.296398433049520094e+01 -2.973619588216145715e+01
-3.371001784006754320e+01 -2.887084070841471473e+01
-3.260361226399739820e+01 -2.837590090433756629e+01
-3.210908699035644531e+01 -2.712499809265136719e+01
-3.100284274419148645e+01 -2.967446263631184777e+01
-3.414478508631388110e+01 -3.025838724772135535e+01
-3.485699812571207445e+01 -3.109953498840332031e+01
-3.070572678248087684e+01 -2.653773498535156250e+01
-3.241385507583618164e+01 -3.003304163614908973e+01
-3.312994496027628344e+01 -2.923203531901041785e+01
-3.401716311772664625e+01 -2.814125823974609375e+01
-3.231189616521199781e+01 -2.829406102498372277e+01
-3.318454726537068922e+01 -2.837107213338216027e+01
-3.221607621510823805e+01 -2.655653381347656250e+01
-3.001235612233479699e+01 -2.752408599853515625e+01
-2.981083027521769324e+01 -2.549501673380533973e+01
-3.024173561731974402e+01 -2.922679964701334754e+01
-3.264796892801920336e+01 -2.860929616292317590e+01
-3.090422074000040809e+01 -2.921428362528483191e+01
-3.391517066955566406e+01 -3.030629920959472656e+01
-3.308393367131551344e+01 -3.049387613932291785e+01
-3.181112289428710938e+01 -3.060273869832356652e+01
-3.264504655202230055e+01 -2.968847147623698035e+01
-3.379630978902181226e+01 -3.094777170817057410e+01
-3.222791417439778883e+01 -3.087167485555012902e+01
-3.227060000101725024e+01 -3.020975176493326941e+01
-3.203989871342977125e+01 -2.900913619995117188e+01
-3.155557743708292762e+01 -3.032348950703938684e+01
-3.339952135086059570e+01 -3.087664731343587121e+01
-3.419748401641845703e+01 -2.810093434651692590e+01
-3.244687827428182203e+01 -2.966841189066569129e+01
-3.089153464635213098e+01 -2.729301452636718750e+01
-3.126084995269775391e+01 -2.967488098144531250e+01
-3.378197352091471117e+01 -2.838147926330566406e+01
-3.221359046300252515e+01 -3.018270937601725379e+01
-3.399779907862345141e+01 -3.076112683614094934e+01
-3.415608628590901930e+01 -3.068042691548665246e+01
-3.366922728220621508e+01 -3.046540387471516809e+01
-3.316310834884643555e+01 -3.031182034810383996e+01
-3.549319775899251539e+01 -3.096652475992838660e+01
-3.295886294047037524e+01 -3.007475090026855469e+01
-3.214901860555013258e+01 -2.781744321187337121e+01
-3.137122631072998047e+01 -2.775465138753255090e+01
-3.022427177429199219e+01 -2.911778704325358191e+01
-3.313161897659301758e+01 -3.025030644734700402e+01
-3.382100915908813477e+01 -3.090082422892252723e+01
-3.261967674891153735e+01 -2.698378181457519531e+01
-3.173002115885416785e+01 -2.770715840657551965e+01
-3.083062839508056641e+01 -2.916535949707031250e+01
-3.327658001581827563e+01 -2.955424308776855469e+01
-3.249177900950113695e+01 -2.610084724426269531e+01
-3.039043156305949012e+01 -2.949217987060546875e+01
-3.232435798645019531e+01 -3.008713277180989465e+01
-3.428052790959676344e+01 -3.011060969034830848e+01
-3.378390789031982422e+01 -2.807787704467773438e+01
-3.092806593577067176e+01 -3.024423662821451941e+01
-3.389408715565999586e+01 -2.770273145039876184e+01
-3.167329009373982629e+01 -3.011800702412923059e+01
-3.340026140213012695e+01 -2.807582600911458215e+01
-3.225328286488851148e+01 -2.949497985839843750e+01
-3.290326197942098219e+01 -2.903465779622395715e+01
-3.401349163055419922e+01 -3.047756703694661340e+01
-3.363811810811360914e+01 -3.059755198160807410e+01
-3.377974287668863695e+01 -2.745997937520344934e+01
-2.933474651972452918e+01 -2.796947097778320312e+01
-2.982571379343668738e+01 -2.773009109497070312e+01
-3.364092000325521070e+01 -3.135294405619303504e+01
-3.200483528772989672e+01 -2.690440495808919152e+01
-3.115239397684733191e+01 -2.891445732116699219e+01
-3.379221820831298828e+01 -2.847201792399088660e+01
-3.392374817530313891e+01 -2.732251167297363281e+01
-2.944800027211507043e+01 -2.714282417297363281e+01
-3.313330348332723219e+01 -2.799106534322102746e+01
-3.287216838200887281e+01 -2.860525321960449219e+01
-3.266334279378255445e+01 -2.926680628458658973e+01
-3.456776618957519531e+01 -3.037788899739583215e+01
-3.220709705352783203e+01 -2.964546076456705848e+01
-3.243072144190470141e+01 -3.021545537312825402e+01
-3.383397308985392016e+01 -3.031272315979003906e+01
-3.416044584910074633e+01 -2.965705108642578125e+01
-3.331982247034708422e+01 -2.972359466552734375e+01
-3.305309263865152758e+01 -2.911136627197265625e+01
-3.357525014877319336e+01 -2.934008344014485559e+01
-3.367235326766967773e+01 -2.895119222005208215e+01
-3.218304173151651781e+01 -2.793310356140136719e+01
-3.294845088322957594e+01 -3.051866658528645715e+01
-3.367407973607381422e+01 -3.020607948303222656e+01
-3.220014810562133789e+01 -2.763923835754394531e+01
-3.225532150268554688e+01 -2.878297615051269531e+01
-3.106135161717732629e+01 -2.851672935485839844e+01
-3.088675117492675781e+01 -3.073167165120442590e+01
-3.258095645904541016e+01 -3.003201103210449219e+01
-3.303480227788289625e+01 -2.702768198649088660e+01
-3.280384715398152906e+01 -3.047424952189127723e+01
-3.408876546223958570e+01 -2.960106213887532434e+01
-3.394218810399373609e+01 -3.055376815795898438e+01
-3.360314766565958422e+01 -2.915068308512369910e+01
-3.400135835011800367e+01 -2.991415468851725379e+01
-3.366005786259969312e+01 -2.991169102986653527e+01
-3.370521577199300367e+01 -2.997546577453613281e+01
-3.161456123987833777e+01 -2.960445658365885535e+01
-3.387277142206827563e+01 -2.883656183878580848e+01
-3.314499092102050781e+01 -2.939256095886230469e+01
-3.322272284825643140e+01 -2.968354860941569129e+01
-3.427455377578735352e+01 -3.062493960062662879e+01
-3.448779233296712476e+01 -3.027504793802897254e+01
-3.555160713195800781e+01 -3.101954841613769531e+01
-3.492237313588460523e+01 -3.048237164815266809e+01
-3.302218977610269945e+01 -2.883371353149414062e+01
-3.290039507548014086e+01 -3.006834729512532434e+01
-3.351797485351562500e+01 -3.136712773640950402e+01
-3.184772936503092566e+01 -2.993647066752116004e+01
-3.441869417826334399e+01 -3.016372998555501184e+01
-3.316434065500894945e+01 -3.013993072509765625e+01
-3.150135421752929688e+01 -2.903888829549153527e+01
-3.176190026601155481e+01 -2.361969502766926965e+01
-2.969557364781697473e+01 -2.939196395874023438e+01
-3.352559455235799390e+01 -2.860922431945800781e+01
-3.460573037465413648e+01 -3.029980023701985559e+01
-3.449991782506307203e+01 -3.053022511800130090e+01
-3.354581244786580640e+01 -2.797443135579426965e+01
-3.044208383560180664e+01 -3.020974667867024621e+01
-3.158536545435587684e+01 -2.978566296895344934e+01
-3.243872865041097242e+01 -2.739585431416829309e+01
-3.038425731658935547e+01 -2.903399912516276160e+01
-3.406375726064046461e+01 -2.902557627360026160e+01
-3.341500679651895922e+01 -3.100493558247883996e+01
-3.324583323796590406e+01 -2.663332875569661340e+01
-3.302754036585489672e+01 -3.041132926940917969e+01
-3.477766195933023852e+01 -2.974188296000162879e+01
-3.416224257151285570e+01 -2.992451095581054688e+01
-3.394413518905639648e+01 -3.066258176167805871e+01
-3.294472249348958570e+01 -3.058396402994791785e+01
-3.409319877624511719e+01 -3.039205106099446496e+01
-3.457535394032796461e+01 -2.946488444010416785e+01
-3.503226216634114820e+01 -2.921865463256835938e+01
-3.428261677424112719e+01 -2.946280479431152344e+01
-3.351418956120809156e+01 -2.980579249064127723e+01
-3.388383515675862867e+01 -2.941806602478027344e+01
-3.348642969131469727e+01 -2.702763239542643348e+01
-3.234221617380777758e+01 -2.963017972310383996e+01
-3.330341879526773852e+01 -2.981479072570800781e+01
-3.552138678232828539e+01 -2.969247372945149621e+01
-3.450110340118408203e+01 -2.980699666341145715e+01
-3.412637265523274976e+01 -3.126252873738606652e+01
-3.200968631108602125e+01 -2.864843940734863281e+01
-3.460085312525431078e+01 -2.658903376261393348e+01
-3.152817853291829309e+01 -2.953193092346191406e+01
-3.381580289204915601e+01 -3.037271944681803504e+01
-3.253317975997924805e+01 -2.567177263895670691e+01
-3.258473030726114672e+01 -2.987022336324055871e+01
-3.370339822769165039e+01 -2.898975245157877723e+01
-3.447023200988769531e+01 -3.030803743998209754e+01
-3.265957991282144945e+01 -2.885732714335123816e+01
-3.250056997934976977e+01 -2.550264994303385535e+01
-3.209889189402262133e+01 -2.611482175191243371e+01
-3.171653159459431848e+01 -2.920067787170410156e+01
-3.442494297027587891e+01 -2.655755233764648438e+01
-3.097803227106730262e+01 -2.832973861694335938e+01
-3.197983964284260949e+01 -2.971532885233561316e+01
-3.376342074076334399e+01 -2.902243804931640625e+01
-3.333877420425415039e+01 -2.939244778951008996e+01
-3.132165940602620324e+01 -2.289375305175781250e+01
-3.048428694407145301e+01 -2.997904141743977746e+01
-3.360935751597086352e+01 -2.959638722737630090e+01
-3.289652093251546461e+01 -2.926935323079426965e+01
-3.425030835469564039e+01 -2.604051526387532434e+01
-3.230193058649698656e+01 -3.075684229532877723e+01
-3.432843812306722242e+01 -2.943021774291992188e+01
-3.418228689829508227e+01 -2.914014307657877723e+01
-3.282846403121948242e+01 -3.052310244242350379e+01
-3.107444063822428504e+01 -2.909163284301757812e+01
-3.429736709594726562e+01 -2.904159736633300781e+01
-3.318585077921549242e+01 -2.888999811808268348e+01
-3.391987069447835523e+01 -3.073738924662272254e+01
-3.491332530975341797e+01 -2.944452285766601562e+01
-3.418841981887817383e+01 -3.042734527587890625e+01
-3.510081863403320312e+01 -2.951319630940755090e+01
-3.534056091308593750e+01 -2.976931381225585938e+01
-3.436851978302001953e+01 -3.023382568359375000e+01
-3.143411080042521277e+01 -2.773733520507812500e+01
-3.307278998692830640e+01 -2.881572723388671875e+01
-3.350907754898071289e+01 -3.071905899047851562e+01
-3.346940914789835375e+01 -3.027626164754231652e+01
-3.371608352661132812e+01 -2.984008852640787879e+01
-3.392456642786661547e+01 -2.936539459228515625e+01
-3.393964735666910570e+01 -2.963012822469075402e+01
-3.389178037643432617e+01 -2.999963506062825402e+01
-3.355831559499105055e+01 -2.982174110412597656e+01
-3.398572540283203125e+01 -2.996752357482910156e+01
-3.436234823862711352e+01 -2.977827262878417969e+01
-3.480988947550455492e+01 -2.949009831746419152e+01
-3.448470433553060133e+01 -2.973786735534667969e+01
-3.414721441268920898e+01 -3.057689666748046875e+01
-3.626980845133463305e+01 -3.005509058634440223e+01
-3.282775179545084399e+01 -2.836723581949869910e+01
-3.335733493169149000e+01 -3.015054639180501184e+01
-3.489599943161010742e+01 -2.952274958292643348e+01
-3.535418446858724195e+01 -3.065286191304524621e+01
-3.358709335327148438e+01 -2.972567367553710938e+01
-3.256283203760782641e+01 -2.908855946858723840e+01
-3.337957827250162524e+01 -2.949797566731770715e+01
-3.554348087310791016e+01 -3.033472696940104285e+01
-3.572105820973714430e+01 -2.981379191080729285e+01
-3.454596646626790601e+01 -3.017688179016113281e+01
-3.429463338851928711e+01 -2.993118095397949219e+01
-3.143080933888753137e+01 -2.943097750345866004e+01
-3.394680484135945875e+01 -3.031873703002929688e+01
-3.523039309183756274e+01 -3.025316810607910156e+01
-3.429466342926025391e+01 -2.974541664123535156e+01
-3.439982811609903735e+01 -2.928667195638020715e+01
-3.528231652577718336e+01 -2.997047360738118371e+01
-3.392078272501627367e+01 -3.051479212443033973e+01
-3.423299344380696851e+01 -2.961595153808593750e+01
-3.510745366414388258e+01 -2.958545811971028527e+01
-3.547543048858642578e+01 -2.797475115458170691e+01
