# Train Val
4.268477633595466614e+00 8.208313286304473877e-01
-1.323114740351835961e+00 -2.570893685022989761e+00
-2.916776200135549058e+00 -3.423731565475463867e+00
-3.449047128359476577e+00 -3.805951356887817383e+00
-4.259430527687072754e+00 -4.818073113759358428e+00
-5.446592688560485840e+00 -6.255101680755615234e+00
-6.652051051457722686e+00 -7.377810955047607422e+00
-7.428478121757507324e+00 -8.105226675669351621e+00
-8.787991245587667422e+00 -1.092089271545410156e+01
-1.258930285771687885e+01 -1.485028521219889264e+01
-1.570319565137227436e+01 -2.009414418538411340e+01
-1.876797644297282019e+01 -1.855097770690917969e+01
-1.891126116116841516e+01 -1.688881874084472656e+01
-1.938669880231221399e+01 -2.111583201090494910e+01
-2.164674250284830848e+01 -2.239314651489257812e+01
-2.072530412673950195e+01 -2.277534357706705848e+01
-2.106313657760620117e+01 -1.968668301900227746e+01
-2.163116105397542199e+01 -2.349343554178873816e+01
-2.328585195541381836e+01 -2.094800504048665246e+01
-2.254759629567464074e+01 -2.346541849772135535e+01
-2.186956071853637695e+01 -2.146160634358723840e+01
-2.277800401051839074e+01 -2.395359357198079309e+01
-2.413151788711547852e+01 -2.311455599466959754e+01
-2.376890182495117188e+01 -2.499928156534830848e+01
-2.374227952957153320e+01 -2.355729230244954309e+01
-2.348221492767333984e+01 -2.205144755045573035e+01
-2.238870096206665039e+01 -2.317519060770670691e+01
-2.227397505442301551e+01 -2.286852073669433594e+01
-2.150455109278361121e+01 -2.247320620218912879e+01
-2.348243236541748047e+01 -2.349928283691406250e+01
-2.388168795903523645e+01 -2.354228464762369910e+01
-2.478037246068318566e+01 -2.200687789916992188e+01
-2.278988933563232422e+01 -2.460393778483073035e+01
-2.462308200200398645e+01 -2.362085024515787879e+01
-2.515406703948974609e+01 -2.237155659993489465e+01
-2.391762447357177734e+01 -2.214942677815755090e+01
-2.442937501271565637e+01 -2.505199750264485559e+01
-2.454795138041178504e+01 -2.365635108947753906e+01
-2.427764781316121301e+01 -2.473394902547200402e+01
-2.364987182617187500e+01 -2.255796368916829309e+01
-2.534000889460245887e+01 -2.504413032531738281e+01
-2.453561671574910363e+01 -2.293607711791992188e+01
-2.448329416910807410e+01 -2.286169306437174598e+01
-2.460571289062500000e+01 -2.342498842875162879e+01
-2.522187725702921668e+01 -2.327005831400553504e+01
-2.487210814158121863e+01 -2.334807523091633996e+01
-2.468872006734212121e+01 -2.293934059143066406e+01
-2.531444915135701379e+01 -2.324249331156412879e+01
-2.564340909322102746e+01 -2.417371050516764441e+01
-2.525909916559855262e+01 -2.521655845642089844e+01
-2.549107662836710730e+01 -2.490542920430501184e+01
-2.560417175292968750e+01 -2.439219919840494910e+01
-2.509783093134562293e+01 -2.236287498474121094e+01
-2.521281909942626953e+01 -2.396250788370768348e+01
-2.599352693557739258e+01 -2.510821088155110559e+01
-2.484124898910522461e+01 -2.466069793701171875e+01
-2.442862224578857422e+01 -2.522176933288574219e+01
-2.545324007670084754e+01 -2.423654429117838660e+01
-2.537950976689656457e+01 -2.365131378173828125e+01
-2.551859347025553504e+01 -2.483603858947753906e+01
-2.456342458724975586e+01 -2.465568224589030066e+01
-2.496640984217325965e+01 -2.343865839640299598e+01
-2.549695126215616980e+01 -2.556886482238769531e+01
-2.598909648259480676e+01 -2.483242988586425781e+01
-2.499723100662231445e+01 -2.460138257344563684e+01
-2.547256882985432824e+01 -2.523010190327962121e+01
-2.428842020034790039e+01 -2.393882815043131629e+01
-2.397505267461140832e+01 -2.522869427998860559e+01
-2.652650880813598633e+01 -2.547975794474283973e+01
-2.536449162165324012e+01 -2.538816070556640625e+01
-2.568653345108032227e+01 -2.450849978129069129e+01
-2.463688770929972449e+01 -2.039879989624023438e+01
-2.115383942921956262e+01 -1.875534502665201941e+01
-2.270827770233154297e+01 -2.366860071818033973e+01
-2.338803815841674805e+01 -2.369018109639485559e+01
-2.521300156911214074e+01 -2.462689463297526160e+01
-2.619478829701741418e+01 -2.411979039510091027e+01
-2.525414864222208777e+01 -2.298154449462890625e+01
-2.504959980646769324e+01 -2.361107699076334754e+01
-2.584354003270467004e+01 -2.282593917846679688e+01
-2.557657400767008582e+01 -2.273904482523600379e+01
-2.537920300165812293e+01 -2.510795911153157434e+01
-2.485144090652465820e+01 -2.129010136922200402e+01
-2.486023553212483606e+01 -2.146874427795410156e+01
-2.525969250996907434e+01 -2.465140024820963660e+01
-2.598608350753784180e+01 -2.490341695149739465e+01
-2.625666046142578125e+01 -2.523252296447753906e+01
-2.608700021107991418e+01 -2.539862251281738281e+01
-2.398697249094645301e+01 -2.467129898071289062e+01
-2.525992059707641602e+01 -2.373734219868977746e+01
-2.556837606430053711e+01 -2.389960225423176965e+01
-2.665652275085449219e+01 -2.505007870992024621e+01
-2.598633162180582801e+01 -2.449339548746744910e+01
-2.605484612782796106e+01 -2.492236455281575402e+01
-2.613835906982421875e+01 -2.476407750447591027e+01
-2.639924685160319129e+01 -2.429783693949381629e+01
-2.613209390640258789e+01 -2.585223515828450402e+01
-2.618511247634887695e+01 -2.527804438273112098e+01
-2.640432453155517578e+01 -2.468483416239420691e+01
-2.586719083786010742e+01 -2.327159754435221473e+01
-2.603409179051717004e+01 -2.301195653279622277e+01
-2.620290994644165039e+01 -2.535448519388834754e+01
-2.706250047683715820e+01 -2.567073186238606652e+01
-2.602685912450154504e+01 -2.201050567626953125e+01
-2.602904701232910156e+01 -2.500131289164225379e+01
-2.502301979064941406e+01 -2.513000996907551965e+01
-2.568419694900512695e+01 -2.258511479695637902e+01
-2.627787748972574988e+01 -2.451750437418619910e+01
-2.581955369313557824e+01 -2.109767405192057410e+01
-2.354618406295776367e+01 -2.538686307271321496e+01
-2.622451241811116418e+01 -2.494778505961100379e+01
-2.651755078633626184e+01 -2.571816444396972656e+01
-2.682079172134399414e+01 -2.541727638244628906e+01
-2.632369136810302734e+01 -2.547338803609212121e+01
-2.612268892923991004e+01 -2.448066329956054688e+01
-2.574212964375813684e+01 -2.338159179687500000e+01
-2.523746554056803504e+01 -2.411439641316731652e+01
-2.676136875152587891e+01 -2.388662401835123816e+01
-2.538082297643025598e+01 -2.452011489868164062e+01
-2.610826953252156457e+01 -2.509516334533691406e+01
-2.303623231252034387e+01 -2.407406616210937500e+01
-2.470613940556843957e+01 -2.284438260396321496e+01
-2.435485903422037879e+01 -2.434674326578776160e+01
-2.590891997019449988e+01 -2.430317179361979285e+01
-2.576516040166218957e+01 -2.463236236572265625e+01
-2.626923990249633789e+01 -2.447551663716633996e+01
-2.567079496383666992e+01 -2.340753682454426965e+01
-2.586397886276245117e+01 -2.358412996927897254e+01
-2.600163380304972449e+01 -2.504319000244140625e+01
-2.610560242335001746e+01 -2.468246841430664062e+01
-2.650314013163248816e+01 -2.550054423014323035e+01
-2.669945557912190637e+01 -2.519989013671875000e+01
-2.738845682144165039e+01 -2.487942822774251184e+01
-2.676228030522664270e+01 -2.406542015075683594e+01
-2.655032412211100379e+01 -2.542422040303548059e+01
-2.678903166453043738e+01 -2.174635378519694129e+01
-2.418512773513793945e+01 -2.236213556925455848e+01
-2.321635595957438269e+01 -2.399642562866210938e+01
-2.456956895192464074e+01 -2.347637367248535156e+01
-2.598435560862223426e+01 -2.476806259155273438e+01
-2.612838570276896277e+01 -2.543427530924479285e+01
-2.645342063903808594e+01 -2.496624819437662879e+01
-2.669851223627726355e+01 -2.515854326883951941e+01
-2.634862279891967773e+01 -2.309855079650878906e+01
-2.698588673273722449e+01 -2.388647715250651160e+01
-2.531171894073486328e+01 -2.307659912109375000e+01
-2.510103480021158973e+01 -2.350050417582194129e+01
-2.621401786804199219e+01 -2.508134460449218750e+01
-2.760482740402221680e+01 -2.568821843465169152e+01
-2.732328430811564246e+01 -2.322234535217285156e+01
-2.656487719217936316e+01 -2.451746749877929688e+01
-2.737339830398559570e+01 -2.404620869954426965e+01
-2.479739093780517578e+01 -2.336588668823242188e+01
-2.581129614512125769e+01 -2.284421539306640625e+01
-2.381858936945597449e+01 -2.340293502807617188e+01
-2.641057189305623254e+01 -2.533029111226399621e+01
-2.747798633575439453e+01 -2.549927266438801965e+01
-2.772407817840576172e+01 -2.509976641337076941e+01
-2.792678403854370117e+01 -2.300773429870605469e+01
-2.410526736577351770e+01 -2.208003171284993371e+01
-2.610393524169921875e+01 -2.463972473144531250e+01
-2.643259350458781043e+01 -2.524702072143554688e+01
-2.754553238550822059e+01 -2.421001497904459754e+01
-2.592133458455403527e+01 -2.333149909973144531e+01
-2.645967213312784949e+01 -2.544268862406412879e+01
-2.749282375971476355e+01 -2.423646736145019531e+01
-2.692338434855143348e+01 -2.440537007649739465e+01
-2.706377458572387695e+01 -2.519067764282226562e+01
-2.738406467437744141e+01 -2.379182942708333215e+01
-2.699567381540934363e+01 -2.433256085713704309e+01
-2.601115544637044152e+01 -2.409747314453125000e+01
-2.420319541295369348e+01 -2.142069880167643348e+01
-2.426422770818074426e+01 -2.513667106628417969e+01
-2.497327232360839844e+01 -2.454021771748860559e+01
-2.632198492685953894e+01 -2.470492617289225379e+01
-2.671922286351521691e+01 -2.452139790852864465e+01
-2.714785162607828894e+01 -2.467693773905436316e+01
-2.505283594131469727e+01 -2.333453877766926965e+01
-2.646261564890543738e+01 -2.480723889668782434e+01
-2.674819469451904297e+01 -2.369552803039550781e+01
-2.728506247202555457e+01 -2.502863057454426965e+01
-2.678058036168416223e+01 -2.453902816772460938e+01
-2.705690320332844934e+01 -2.507741546630859375e+01
-2.723063230514526367e+01 -2.529782040913899621e+01
-2.717730124791463098e+01 -2.463586362202962121e+01
-2.724951775868733606e+01 -2.389477284749348840e+01
-2.734418201446533203e+01 -2.562327003479003906e+01
-2.766543912887573242e+01 -2.384605534871419152e+01
-2.718167750040690223e+01 -2.439449437459309777e+01
-2.639808670679728309e+01 -2.402145894368489465e+01
-2.442505645751953125e+01 -1.892948468526204309e+01
-2.377755784988403320e+01 -2.501401519775390625e+01
-2.711660305658976355e+01 -2.417367490132649621e+01
-2.769588009516398230e+01 -2.472490183512369910e+01
-2.580786863962809363e+01 -2.506818644205729285e+01
-2.799343665440877160e+01 -2.497829500834147254e+01
-2.665669441223144531e+01 -2.449812380472819129e+01
-2.764515701929728309e+01 -2.332022412618001184e+01
-2.705131816864013672e+01 -2.015558369954426965e+01
-2.367334620157877723e+01 -1.984257316589355469e+01
-2.465470329920450965e+01 -2.444579887390136719e+01
-2.602202876408894738e+01 -2.541973241170247277e+01
-2.793219947814941406e+01 -2.480690638224283973e+01
-2.748219076792399207e+01 -2.484739049275716027e+01
-2.702718623479207238e+01 -2.321808052062988281e+01
-2.729727300008137902e+01 -2.450116602579752723e+01
-2.746587069829304895e+01 -2.431629435221354285e+01
-2.821006631851196289e+01 -2.489732233683268348e+01
-2.785229317347208777e+01 -2.502704938252766809e+01
-2.814810959498087684e+01 -2.496999549865722656e+01
-2.721426439285278320e+01 -2.371617126464843750e+01
-2.734680906931559363e+01 -2.369701131184895715e+01
-2.695184135437011719e+01 -2.366389783223469934e+01
-2.642244704564412316e+01 -2.578032302856445312e+01
-2.782002687454223633e+01 -2.387277666727701941e+01
-2.602917909622192383e+01 -2.418565750122070312e+01
-2.809430662790934363e+01 -2.475514411926269531e+01
-2.864465300242106238e+01 -2.464477284749348840e+01
-2.831298557917277137e+01 -2.312253443400065223e+01
-2.813966306050618371e+01 -2.474176851908366004e+01
-2.763774585723876953e+01 -2.548071988423665246e+01
-2.710267543792724609e+01 -2.487223943074544152e+01
-2.583497365315755090e+01 -1.985557301839192590e+01
-2.448875745137532434e+01 -2.436641311645507812e+01
-2.519325796763102332e+01 -2.248439915974934777e+01
-2.642829577128092566e+01 -2.477505811055501184e+01
-2.732015117009480676e+01 -2.494785118103027344e+01
-2.693021027247111121e+01 -2.490154902140299598e+01
-2.696998310089111328e+01 -2.294770177205403527e+01
-2.772460333506266394e+01 -2.445805676778157434e+01
-2.788811031977335730e+01 -2.266021792093912879e+01
-2.713452148437500000e+01 -2.262263552347819129e+01
-2.666661437352498254e+01 -2.073769632975260535e+01
-2.623094749450683594e+01 -2.403554598490397254e+01
-2.667040459314982215e+01 -2.256973330179850379e+01
-2.554974158604939660e+01 -2.427231852213541785e+01
-2.710487937927246094e+01 -2.472739156087239465e+01
-2.828763373692830285e+01 -2.434926859537760535e+01
-2.820717636744181434e+01 -2.501720809936523438e+01
-2.783487272262573242e+01 -2.500532468159993371e+01
-2.862318166097005090e+01 -2.517767461140950402e+01
-2.583570941289265832e+01 -2.352630869547526160e+01
-2.266048717498779297e+01 -2.211172803243001184e+01
-2.437786356608073035e+01 -2.484566052754719934e+01
-2.725458447138468543e+01 -2.385458882649739465e+01
-2.718929338455200195e+01 -2.540603510538737098e+01
-2.823200988769531250e+01 -2.460401662190755090e+01
-2.837078587214152137e+01 -2.489392725626627723e+01
-2.596284596125284949e+01 -2.459331321716308594e+01
-2.680316972732543945e+01 -2.379553349812825402e+01
-2.711377286911010742e+01 -2.458157984415690223e+01
-2.618588113784790039e+01 -2.379644521077473840e+01
-2.620902172724406043e+01 -2.359106826782226562e+01
-2.675209156672159949e+01 -2.375665918986002723e+01
-2.673272291819254676e+01 -2.357204310099283973e+01
-2.623344818751017371e+01 -2.436465326944987098e+01
-2.770877997080485144e+01 -2.476712099711100379e+01
-2.761686150232950965e+01 -2.468488248189290246e+01
-2.733517503738403320e+01 -2.501267941792805871e+01
-2.760057862599690637e+01 -2.493007787068684777e+01
-2.844012498855590820e+01 -2.464603106180826941e+01
-2.744496965408325195e+01 -2.284456634521484375e+01
-2.566978788375854492e+01 -2.371303812662760535e+01
-2.651778046290079871e+01 -2.261049779256184777e+01
-2.613861767450968543e+01 -2.435080401102701941e+01
-2.428838332494099816e+01 -2.247151374816894531e+01
-2.668448670705159387e+01 -2.393868064880371094e+01
-2.750746663411458215e+01 -2.499992370605468750e+01
-2.731761693954467773e+01 -2.547222836812337121e+01
-2.864790598551432410e+01 -2.390680440266926965e+01
-2.583624728520711145e+01 -2.365235201517741004e+01
-2.614202229181925574e+01 -2.448169644673665246e+01
-2.422427463531494141e+01 -2.054440752665201941e+01
-2.551413822174072266e+01 -2.262188911437988281e+01
-2.564657195409138879e+01 -2.438220151265462121e+01
-2.732083988189697266e+01 -2.428200213114420691e+01
-2.846105384826660156e+01 -2.495221646626790246e+01
-2.902211093902587891e+01 -2.474418067932128906e+01
-2.825066582361857215e+01 -2.468787129720051965e+01
-2.566992648442586145e+01 -2.391756184895833215e+01
-2.331355190277099609e+01 -2.199503262837727746e+01
-2.702413956324259559e+01 -2.271355692545573035e+01
-2.567193857828776160e+01 -2.422817357381184777e+01
-2.742279116312662879e+01 -2.495976702372233191e+01
-2.829439449310302734e+01 -2.501490720113118371e+01
-2.798730818430582801e+01 -2.323130989074707031e+01
-2.686115169525146484e+01 -2.047101338704426965e+01
-2.408909463882446289e+01 -2.446168263753255090e+01
-2.798409048716227332e+01 -2.450454394022623816e+01
-2.825724919637044152e+01 -2.517114893595377723e+01
-2.799181127548217773e+01 -2.502902984619140625e+01
-2.909057887395222863e+01 -2.432234954833984375e+01
-2.921536493301391602e+01 -2.531222343444824219e+01
-2.928226931889851770e+01 -2.465033149719238281e+01
-2.724084361394246301e+01 -2.479319000244140625e+01
-2.528673728307088098e+01 -2.413805770874023438e+01
-2.775806856155395508e+01 -2.447251001993815223e+01
-2.594265397389729699e+01 -2.141277821858723840e+01
-2.533327198028564453e+01 -2.403018124898274621e+01
-2.727289072672526160e+01 -2.474738057454426965e+01
-2.748030900955200195e+01 -2.422406005859375000e+01
-2.803681659698486328e+01 -2.327001698811848840e+01
-2.836276642481486121e+01 -2.423927370707194129e+01
-2.744718376795450965e+01 -2.402788925170898438e+01
-2.748887888590494910e+01 -2.547754923502604285e+01
-2.893249368667602539e+01 -2.517665545145670691e+01
-2.865329758326212684e+01 -2.506883049011230469e+01
-2.749259710311889648e+01 -2.522870953877766809e+01
-2.866091378529866418e+01 -2.477252133687337121e+01
-2.896826632817586145e+01 -2.310143852233886719e+01
-2.711699453989664832e+01 -2.330060005187988281e+01
-2.779746929804484168e+01 -2.368985366821289062e+01
-2.821358124415079871e+01 -2.485795211791992188e+01
-2.856028254826863488e+01 -2.454248364766438684e+01
-2.809253978729248047e+01 -2.448509343465169152e+01
-2.842095645268758020e+01 -2.441725730895996094e+01
-2.856826750437418738e+01 -2.501237614949544152e+01
-2.821278285980224609e+01 -2.489683850606282434e+01
-2.898799610137939453e+01 -2.260509363810221473e+01
-2.755779949824015418e+01 -2.437861506144205848e+01
-2.668388684590657434e+01 -2.465233739217122277e+01
-2.673526732126871863e+01 -2.360961087544758996e+01
-2.679708337783813477e+01 -2.353814252217610559e+01
-2.587285693486531457e+01 -2.304931831359863281e+01
-2.545776351292927941e+01 -2.248057683308919152e+01
-2.664007647832234582e+01 -2.291799100240071496e+01
-2.654287226994832238e+01 -2.216396141052246094e+01
-2.718283430735270301e+01 -2.472243626912434777e+01
-2.907182184855143348e+01 -2.437621561686198035e+01
-2.831940921147664270e+01 -2.294519805908203125e+01
-2.548047876358032227e+01 -2.392579905192057410e+01
-2.808515771230061731e+01 -2.368988927205403527e+01
-2.731758451461791992e+01 -2.447625541687011719e+01
-2.833057308197021484e+01 -2.445310401916503906e+01
-2.924006684621175012e+01 -2.373948287963867188e+01
-2.818322006861368934e+01 -2.206371434529622277e+01
-2.723722585042317590e+01 -2.434542528788248816e+01
-2.835997676849365234e+01 -2.349776268005371094e+01
-2.924818197886149207e+01 -2.464178466796875000e+01
-2.750856224695841590e+01 -2.498487854003906250e+01
-2.718693192799885949e+01 -2.356321207682291785e+01
-2.719306850433349609e+01 -2.408776855468750000e+01
-2.737910238901774207e+01 -2.458382352193196496e+01
-2.977707052230834961e+01 -2.283128738403320312e+01
-2.617941061655680457e+01 -2.281648953755696496e+01
-2.795686976114908973e+01 -2.480468559265136719e+01
-2.932486788431803504e+01 -2.403051757812500000e+01
-2.962431399027506629e+01 -2.465580240885416785e+01
-2.793546485900878906e+01 -2.372785059611002723e+01
-2.834834861755371094e+01 -2.518096923828125000e+01
-2.835578918457031250e+01 -2.410623232523600379e+01
-2.920236015319824219e+01 -2.440003903706868371e+01
-2.923549286524454871e+01 -2.490911928812662879e+01
-2.560915470123291016e+01 -2.239089965820312500e+01
-2.653895092010498047e+01 -2.326460838317871094e+01
-2.526666005452473840e+01 -2.425965181986491004e+01
-2.830984115600585938e+01 -2.434538459777832031e+01
-2.773540639877319336e+01 -2.387657356262207031e+01
-2.751170841852824012e+01 -2.361719195048014441e+01
-2.792611217498779297e+01 -2.397120094299316406e+01
-2.837267319361368934e+01 -2.461828549702962121e+01
-2.843756802876790246e+01 -2.354844983418782434e+01
-2.818153889973958215e+01 -2.526721890767415246e+01
-2.855786021550496301e+01 -2.448719851175944129e+01
-2.815747483571370324e+01 -1.927202733357747277e+01
-2.555975548426310340e+01 -2.459982299804687500e+01
-2.833736403783162316e+01 -2.416551844278971473e+01
-2.645500167210896691e+01 -2.400530497233073035e+01
-2.876657422383626184e+01 -2.369251378377278527e+01
-2.841016689936320105e+01 -2.306198755900065223e+01
-2.834572442372639856e+01 -2.465528869628906250e+01
-2.731722513834635535e+01 -2.419224611918131629e+01
-2.823228979110717773e+01 -2.453010686238606652e+01
-2.896103096008300781e+01 -2.470418103535969934e+01
-2.861125055948893348e+01 -2.453887875874837121e+01
-2.779752731323242188e+01 -2.378612836201985559e+01
-2.668693478902180871e+01 -2.474618466695149621e+01
-2.881064081192016602e+01 -2.318656349182128906e+01
-2.850169754028320312e+01 -2.473282178243001184e+01
-2.842761929829915246e+01 -2.275475629170735559e+01
-2.422773981094360352e+01 -2.114478683471679688e+01
-2.498920694986979285e+01 -2.284632746378580848e+01
-2.669934415817260742e+01 -2.438543637593587121e+01
-2.598759651184082031e+01 -2.403599357604980469e+01
-2.791498676935831824e+01 -2.448673693339030066e+01
-2.820038588841756066e+01 -2.424095853169758996e+01
-2.807307751973469934e+01 -2.338134511311848840e+01
-2.837672281265258789e+01 -2.397041511535644531e+01
-2.776284090677897254e+01 -2.326182111104329309e+01
-2.761162074406941613e+01 -2.455170377095540246e+01
-2.761121463775634766e+01 -2.220681126912434777e+01
-2.722909386952717981e+01 -2.407179768880208215e+01
-2.854610236485799035e+01 -2.459451993306477746e+01
-2.906176551183064660e+01 -2.279469617207844934e+01
-2.728842544555664062e+01 -2.159946123758951941e+01
-2.529803752899169922e+01 -2.379440180460612098e+01
-2.864269479115803918e+01 -2.455782826741536340e+01
-2.578479258219401160e+01 -2.319273567199707031e+01
-2.727426322301228723e+01 -2.479251289367675781e+01
-2.941193453470866004e+01 -2.434821319580078125e+01
-2.603767649332682410e+01 -2.267090543111165246e+01
-2.715021991729736328e+01 -2.255452919006347656e+01
-2.753762165705363074e+01 -2.490724690755208215e+01
-2.986775779724121094e+01 -2.458177947998046875e+01
-2.874413506189982215e+01 -2.471747144063313684e+01
-2.815003236134846887e+01 -2.340711847941080848e+01
-2.750067090988159180e+01 -2.107357978820800781e+01
-2.453614664077758789e+01 -2.446330769856770715e+01
-2.784783061345418176e+01 -2.295085652669270715e+01
-2.815424299240112305e+01 -2.436190223693847656e+01
-2.776175530751546106e+01 -2.471806081136067590e+01
-2.880842304229736328e+01 -2.464685503641764441e+01
-2.801817353566487512e+01 -2.389648564656575402e+01
-2.949797630310058594e+01 -2.469557889302571496e+01
-2.950479936599731445e+01 -2.421055603027343750e+01
-2.698120371500651160e+01 -2.397446950276692590e+01
-2.752035888036092004e+01 -2.386477533976237098e+01
-2.947409216562907019e+01 -2.392836888631184777e+01
-2.738190380732218543e+01 -2.462431335449218750e+01
-2.802583551406860352e+01 -1.985038375854492188e+01
-2.647533718744913855e+01 -2.092837460835774621e+01
-2.639928150177001953e+01 -2.158957735697428504e+01
-2.663716395696004113e+01 -2.269084803263346473e+01
-2.610335032145182410e+01 -2.359925524393717566e+01
-2.818259620666503906e+01 -2.440744845072428504e+01
-2.796864732106526574e+01 -2.359315745035807410e+01
-2.865820837020874023e+01 -2.427175013224283973e+01
-2.742503754297892371e+01 -2.452474594116210938e+01
-2.699282948176066199e+01 -2.441117032368977746e+01
-2.785007143020629883e+01 -2.388904062906901160e+01
-2.764855337142944336e+01 -2.447763888041178504e+01
-2.839457893371582031e+01 -2.387553151448567590e+01
-2.831198151906331262e+01 -2.478842735290527344e+01
-2.933545732498168945e+01 -2.342385101318359375e+01
-2.494882392883300781e+01 -2.375026766459147254e+01
-2.777752526601155481e+01 -2.437772496541341027e+01
-3.038252735137939453e+01 -2.464477666219075402e+01
-2.893652915954589844e+01 -2.284517224629719934e+01
-2.934344291687011719e+01 -2.474186579386393348e+01
-2.782500855127970496e+01 -2.168104680379231652e+01
-2.679134432474772254e+01 -2.382182820638020715e+01
-2.844650745391845703e+01 -2.524317169189453125e+01
-2.973938099543253699e+01 -2.410665829976399621e+01
-2.921932744979858398e+01 -2.447871843973795691e+01
-2.845177729924519738e+01 -2.363270632425944129e+01
-2.836832348505656043e+01 -2.417562929789225379e+01
-2.838460302352905273e+01 -2.423951848347981652e+01
-2.841937351226806641e+01 -2.455010477701823035e+01
-2.754950221379597863e+01 -2.419974581400553504e+01
-2.884784523646036902e+01 -2.316506322224934777e+01
-2.818824211756388465e+01 -2.405927848815917969e+01
-2.822035455703735352e+01 -2.284024683634440223e+01
-2.825963481267293176e+01 -2.303840764363606652e+01
-2.774713675181071082e+01 -2.469969685872395715e+01
-2.874620151519775391e+01 -2.390465863545735559e+01
-2.839080874125162879e+01 -2.370286051432291785e+01
-2.827931737899780273e+01 -2.293695322672526160e+01
-2.652756627400716027e+01 -2.447013092041015625e+01
-2.732188049952189246e+01 -2.483667882283528527e+01
-2.872439448038737098e+01 -2.442879549662272254e+01
-2.832214117050170898e+01 -2.382665061950683594e+01
-2.753443479537963867e+01 -2.415702501932780066e+01
-2.457215372721354285e+01 -2.154232470194498816e+01
-2.428189992904663086e+01 -2.092172940572102746e+01
-2.614088551203409949e+01 -2.465776379903157434e+01
-2.770013062159220496e+01 -2.439224942525227746e+01
-3.015816068649291992e+01 -2.459613037109375000e+01
-3.029684766133626184e+01 -2.441764322916666785e+01
-2.977646462122599402e+01 -2.388686370849609375e+01
-2.749855597813924035e+01 -2.350815836588541785e+01
-2.875539525349934777e+01 -2.369171587626139441e+01
-2.817101383209228516e+01 -2.415191014607747277e+01
-2.833118883768717566e+01 -2.453891563415527344e+01
-2.644588899612426758e+01 -2.082760683695475379e+01
-2.649977382024129113e+01 -2.449856440226237098e+01
-2.894228108723958215e+01 -2.230524381001790246e+01
-2.700927766164143762e+01 -2.371993764241536340e+01
-2.884970728556315223e+01 -2.459414990743001184e+01
-2.900119336446126184e+01 -2.408834838867187500e+01
-2.856762758890787879e+01 -2.114544232686360559e+01
-2.538756831487019738e+01 -2.371220143636067590e+01
-2.852627833684285363e+01 -2.479517110188801965e+01
-2.730813058217366418e+01 -2.477673912048339844e+01
-2.932711331049601355e+01 -2.382424736022949219e+01
-2.891555277506510535e+01 -2.496322186787923059e+01
-2.762991031010945520e+01 -2.355948003133137902e+01
-2.693079598744710168e+01 -1.930218315124511719e+01
-2.464273039499918738e+01 -2.299647521972656250e+01
-2.851931285858154297e+01 -2.401102701822916785e+01
-2.903994051615397254e+01 -2.410813268025716027e+01
-2.794265095392863074e+01 -2.309976323445637902e+01
-2.955100107192993164e+01 -2.442889595031738281e+01
-2.930082146326700965e+01 -2.415240796407063684e+01
-3.018890380859375000e+01 -2.412657864888508996e+01
-2.925044155120849609e+01 -2.421538035074869910e+01
-2.815137068430582801e+01 -2.388393084208170691e+01
-2.971388737360636512e+01 -2.419446182250976562e+01
-2.820727952321370324e+01 -2.383279418945312500e+01
-2.811860481897990027e+01 -2.399110857645670691e+01
-3.042177073160807410e+01 -2.471562321980794152e+01
-2.818792295455932617e+01 -2.377696736653645715e+01
-2.839525763193766394e+01 -2.418502616882324219e+01
-2.901140149434407434e+01 -2.384416580200195312e+01
-2.636366430918375769e+01 -2.277980740865071496e+01
-2.711461369196574012e+01 -2.390392494201660156e+01
-2.812689797083536902e+01 -2.329407628377278527e+01
-2.747381003697713098e+01 -2.446792411804199219e+01
-2.986621793111165246e+01 -2.472741826375325402e+01
-2.969810628890991211e+01 -2.494059944152832031e+01
-2.905541547139485559e+01 -2.376204808553059777e+01
-2.926931063334147254e+01 -2.419345855712890625e+01
-2.835181236267089844e+01 -2.408993339538574219e+01
-2.819362179438273230e+01 -2.390312512715657434e+01
-2.840753348668416223e+01 -2.326603953043619910e+01
-2.953432464599609375e+01 -2.485997390747070312e+01
-2.915894444783528527e+01 -2.400842539469401160e+01
-2.888612413406372070e+01 -2.462414741516113281e+01
-3.041828759511311731e+01 -2.436804580688476562e+01
-3.030220762888590613e+01 -2.455527750651041785e+01
-3.043884547551472863e+01 -2.406157811482747277e+01
-3.025870132446289062e+01 -2.359705734252929688e+01
-2.895197677612304688e+01 -2.414020665486653527e+01
-2.915673796335856238e+01 -2.459502983093261719e+01
-2.923363780975341797e+01 -2.358569018046061316e+01
-2.900142971674601355e+01 -2.488682238260905066e+01
-2.839984877904256066e+01 -2.421574529012044152e+01
-2.823955122629801551e+01 -2.322513516743977746e+01
-2.809266535441080848e+01 -2.389853986104329309e+01
-2.957141256332397461e+01 -2.403029441833496094e+01
-2.885930172602335730e+01 -2.424377377827962121e+01
-2.910799153645833215e+01 -2.409469540913899621e+01
-2.951040840148925781e+01 -2.404783248901367188e+01
-2.789626137415568152e+01 -2.245718510945637902e+01
-2.932769060134887695e+01 -2.427584457397460938e+01
-2.903941869735717773e+01 -2.186247698465983191e+01
-2.852966817220051965e+01 -2.478747177124023438e+01
-2.870915333429972449e+01 -2.383154932657877723e+01
-2.977808682123820105e+01 -2.437624422709147254e+01
-2.970725806554158410e+01 -2.227606264750162879e+01
-2.372157382965087891e+01 -2.177944946289062500e+01
-2.584243949254353723e+01 -2.487234878540039062e+01
-2.893677616119384766e+01 -2.415269660949707031e+01
-2.957972192764282227e+01 -2.261466471354166785e+01
-2.786290311813354492e+01 -2.306121253967285156e+01
-2.833781385421752930e+01 -2.387886110941569129e+01
-2.871356471379597863e+01 -2.424708747863769531e+01
-2.593425687154133996e+01 -2.423145039876301965e+01
-2.724012486139933387e+01 -2.417433929443359375e+01
-2.713580894470214844e+01 -2.275516764322916785e+01
-2.870754130681355676e+01 -2.361531766255696496e+01
-2.890222724278767785e+01 -2.386108970642089844e+01
-2.904612048467000207e+01 -2.511727333068847656e+01
-2.915670251846313477e+01 -2.371684137980143348e+01
-2.941111834843953332e+01 -2.405397224426269531e+01
-2.885874605178833008e+01 -2.441356213887532434e+01
-3.075439262390136719e+01 -2.439432144165039062e+01
-3.043144687016804895e+01 -2.430133183797200402e+01
-2.933260091145833215e+01 -2.360200436909993371e+01
-2.979638640085856238e+01 -2.413982264200846473e+01
-2.974776379267374793e+01 -2.515411631266276160e+01
-2.672576014200846473e+01 -2.082302347819010535e+01
-2.656481329600016394e+01 -2.231713167826334754e+01
-2.792181555430094519e+01 -2.407225100199381629e+01
-2.794654782613118371e+01 -2.412754185994466027e+01
-2.892007621129353723e+01 -2.457167879740397254e+01
-2.905207061767578125e+01 -2.430026117960612098e+01
-2.850874980290730676e+01 -2.367748006184895715e+01
-2.949893490473429480e+01 -2.485570081075032434e+01
-2.856125402450561523e+01 -2.329251098632812500e+01
-2.744813585281372070e+01 -2.336634190877278527e+01
-2.797474559148152551e+01 -2.441057332356770715e+01
-2.866899426778157434e+01 -2.252053387959798059e+01
-2.893804121017456055e+01 -2.269982782999674598e+01
-2.475366973876953125e+01 -2.220272636413574219e+01
-2.892366409301757812e+01 -2.426464843750000000e+01
-3.027666060129801551e+01 -2.443069585164387902e+01
-2.748646291097005090e+01 -2.260141881306966027e+01
-2.383462635676066199e+01 -2.212170664469401160e+01
-2.761641120910644531e+01 -2.435418065388997277e+01
-2.800019280115763465e+01 -2.228354263305664062e+01
-2.312216011683146277e+01 -2.321265157063801965e+01
-2.688552268346150598e+01 -2.422614542643229285e+01
-2.898734219868977746e+01 -2.466464805603027344e+01
-2.931784486770629883e+01 -2.368736775716145715e+01
-2.971710666020711145e+01 -2.090211232503255090e+01
-2.805118560791015625e+01 -2.362372525533040246e+01
-2.808831850687662879e+01 -2.378451347351074219e+01
-2.614773019154866418e+01 -2.106158955891926965e+01
-2.886703300476074219e+01 -2.395289993286132812e+01
-3.032901668548583984e+01 -2.462452697753906250e+01
-3.045754893620808801e+01 -2.475383059183756629e+01
-3.016737969716389856e+01 -2.300930849711100379e+01
-2.856024265289306641e+01 -2.414606348673502723e+01
-2.956863466898600379e+01 -2.336288197835286340e+01
-3.030894581476847449e+01 -2.422464179992675781e+01
-3.100076214472452918e+01 -2.407765324910481652e+01
-2.867084455490112305e+01 -2.452711168924967566e+01
-2.999427429835001746e+01 -2.329764048258463660e+01
