# Train Val
5.321838537851969697e+00 1.157790025075276619e+00
-6.452194092174371454e-01 -2.682298660278320312e+00
-2.704419930775960434e+00 -3.144707759221395005e+00
-3.129607240358988296e+00 -3.388879458109537612e+00
-3.524432202180226792e+00 -3.913787444432576645e+00
-4.479866385459899902e+00 -5.240070501963297822e+00
-5.758496840794880889e+00 -6.540235042572021484e+00
-6.559787789980570771e+00 -7.085836410522460938e+00
-6.869410872459411621e+00 -6.886094570159912109e+00
-6.921024481455485322e+00 -7.406809965769450166e+00
-6.849707643191019990e+00 -7.246059735616047881e+00
-7.234755039215087891e+00 -7.657489776611328125e+00
-7.423961162567138672e+00 -7.729366938273112275e+00
-7.512601494789123535e+00 -7.559272130330403350e+00
-7.585112412770588897e+00 -7.682787577311198213e+00
-7.668120582898457549e+00 -7.808924992879231475e+00
-7.745703339576721191e+00 -8.190046946207681700e+00
-7.974360386530558564e+00 -8.328527450561523438e+00
-8.116242965062459902e+00 -8.419992446899414062e+00
-8.294226010640462832e+00 -8.771051406860351562e+00
-8.484888037045797304e+00 -7.786740938822428681e+00
-9.619825601577758789e+00 -7.468180179595947266e+00
-9.534964561462402344e+00 -1.214156150817871094e+01
-7.679627974828084014e+00 -8.653269449869791075e+00
-9.332790215810140566e+00 -9.941991170247396425e+00
-1.247184181213378906e+01 -7.379453818003336885e+00
-8.926139593124389648e+00 -7.288924217224121094e+00
-1.139812803268432617e+01 -1.447866789499918561e+01
-1.470745722452799420e+01 -2.981159766515096177e+00
-7.724547386169433594e-01 -5.139715035756428740e+00
-5.900401194890339873e+00 -6.923470497131347656e+00
-7.415081302324931123e+00 -8.278615633646646543e+00
-8.317562222480773926e+00 -9.351456324259439512e+00
-1.025928680102030377e+01 -1.299955940246582031e+01
-1.464106845855712891e+01 -1.949577840169270715e+01
-1.345934716860453229e+01 -1.151403427124023438e+01
-1.488546331723531146e+01 -9.540713310241699219e+00
-1.086099410057067871e+01 -1.586488755544026752e+01
-1.635019866625468055e+01 -1.567697366078694721e+01
-1.314404149850209613e+01 -3.487131595611572266e+00
-8.942935208479562803e+00 -1.045446173350016217e+01
-1.581365116437276264e+01 -2.086352984110514441e+01
-1.610521483421325684e+01 -1.317699495951334576e+01
-1.369651031494140625e+01 -2.016129302978515625e+01
-1.331296646595001221e+01 -1.980017916361491004e+01
-1.771170083681742469e+01 -2.185194460550944129e+01
-1.514043450355529785e+01 -1.393135070800781250e+01
-1.569456728299458881e+01 -2.090028063456217566e+01
-2.242906713485717773e+01 -9.077203750610351562e+00
-1.709906641642252723e+01 -2.567508252461751184e+01
-1.820688704649607459e+01 -1.359969743092854877e+01
-1.045505889256795307e+01 -6.769461154937744141e+00
-1.352475464344024658e+01 -1.891234143575032434e+01
-2.246178642908732215e+01 -7.321222464243571260e+00
-1.607200626532236853e+01 -2.491556676228841027e+01
-2.144222227732340613e+01 -1.607766278584798059e+01
-2.014037497838338098e+01 -2.406022834777832031e+01
-1.737095944086710730e+01 -1.009775638580322266e+01
-1.521042688687642475e+01 -1.224099159240722656e+01
-1.865549333890279016e+01 -2.690259043375651160e+01
-2.337514273325602332e+01 -2.182210795084635535e+01
-1.795744919776916504e+01 -8.345752716064453125e+00
-1.139384269714355469e+01 -1.465037727355957031e+01
-1.817818196614583215e+01 -2.055576705932617188e+01
-2.204695415496826172e+01 -1.834655316670735559e+01
-2.129845150311787805e+01 -2.187935129801432410e+01
-2.460530948638916016e+01 -8.949607213338216738e+00
-1.214658864339192768e+01 -1.936270078023274621e+01
-2.024013988176981726e+01 -2.576429239908854285e+01
-2.531221723556518555e+01 -2.461815007527669152e+01
-2.519731966654459754e+01 -1.559661515553792377e+01
-1.636336032549540320e+01 -2.478515815734863281e+01
-1.432188443342844586e+01 -2.550028101603190223e+01
-2.140582013130187988e+01 -2.711233901977539062e+01
-2.526232306162516394e+01 -1.826234499613444129e+01
-7.188253248731295564e+00 -3.488844990730285645e+00
-4.752794533967971802e+00 -9.744574546813964844e+00
-1.300950256983439068e+01 -1.659121259053548059e+01
-2.038939515749613562e+01 -2.152062352498372277e+01
-2.514997386932373047e+01 -1.900892512003580848e+01
-1.119571721553802490e+01 -2.104690424601237098e+01
-1.919427522023518762e+01 -2.467151832580566406e+01
-1.924432722727457801e+01 -2.142731984456380090e+01
-2.240478086471557617e+01 -2.817000516255696496e+01
-2.778659089406331262e+01 -2.086255709330241004e+01
-2.839103714625040809e+01 -3.167110061645507812e+01
-2.242647806803385535e+01 -1.595473003387451172e+01
-2.272019537289937219e+01 -2.902334213256835938e+01
-2.748975515365600586e+01 -1.894375165303548059e+01
-2.538514693578084191e+01 -1.747793642679850379e+01
-1.928860934575398645e+01 -2.749980545043945312e+01
-2.123284260431925574e+01 -2.056053797403971473e+01
-2.152698715527852258e+01 -1.739975102742512902e+01
-1.804029371341069421e+01 -1.586601505676905388e+00
-2.899600639939308167e-01 -2.182627598444620620e+00
-4.545127749443054199e+00 -7.557298183441162109e+00
-8.788859566052755312e+00 -1.162145042419433594e+01
-1.672340726852416992e+01 -2.356749089558919152e+01
-2.428343709309895715e+01 -2.892388025919596473e+01
-1.416308466593424420e+01 -1.455796146392822266e+01
-2.103664064407348633e+01 -2.632469685872395715e+01
-1.932603851954142371e+01 -2.738177108764648438e+01
-2.448113965988159180e+01 -2.578187052408854285e+01
-1.853457911809285363e+01 -1.074943447113037109e+01
-2.139493703842163086e+01 -2.694252649943033973e+01
-2.456625223159790039e+01 -2.580008570353190223e+01
-1.421492131551106830e+01 -1.907101504007975379e+01
-1.913759660720825195e+01 -1.642312494913737098e+01
-2.085264015197753906e+01 -1.529953225453694721e+01
-2.074211319287617883e+01 -1.600081316630045691e+01
-2.250382614135742188e+01 -2.755039151509602746e+01
-2.530592759450276574e+01 -2.297861480712890625e+01
-2.147185353438059607e+01 -4.473583857218424775e+00
-6.182640612125396729e+00 -2.163182195027669152e+01
-1.959892225265502930e+01 -2.578709729512532434e+01
-2.825206995010375977e+01 -3.367179489135742188e+01
-2.574305597941080848e+01 -2.534397951761881629e+01
-2.722549676895141602e+01 -3.251469802856445312e+01
-2.296226580937703332e+01 -1.957660484313964844e+01
-2.022743686040242395e+01 -3.001955159505208215e+01
-2.858094342549641809e+01 -2.334905306498209754e+01
-2.283139848709106445e+01 -1.100744152069091797e+01
-1.983802811304728309e+01 -2.426634534200032434e+01
-3.000125471750895301e+01 -1.972664896647135535e+01
-1.708247049649556359e+01 -1.198568852742513080e+01
-1.776412924130757531e+01 -2.441252454121907434e+01
-2.041760587692260742e+01 -2.355085245768229285e+01
-2.005116264025370398e+01 -1.232451629638671875e+01
-1.650858847300211707e+01 -2.616322263081868371e+01
-3.102740160624186316e+01 -3.203933906555175781e+01
-2.986970345179240027e+01 -1.778532663981119910e+01
-1.652124158541361609e+01 -2.081048011779785156e+01
-2.410146554311116418e+01 -1.484880002339681049e+01
-1.548987881342569928e+01 -5.445294539133707978e+00
-1.050077402591705322e+01 -1.310410181681315045e+01
-2.141500528653462609e+01 -2.396829668680826941e+01
-2.777837769190470496e+01 -3.441690317789713305e+01
-3.185608434677124023e+01 -3.003705215454101562e+01
-1.650645017623901367e+01 -1.741506958007812500e+01
-2.413944260279337684e+01 -2.715004730224609375e+01
-2.982937288284301758e+01 -3.112436612447102746e+01
-2.344827342033386230e+01 -1.751769638061523438e+01
-2.494655132293701172e+01 -2.868116315205891809e+01
-2.352311873435974121e+01 -3.150390688578287879e+01
-2.607493774096171180e+01 -1.293124326070149799e+01
-1.177126022179921527e+01 -7.944540659586588838e+00
-1.902808682123820105e+01 -2.753709030151367188e+01
-2.933685175577799598e+01 -2.459958457946777344e+01
-2.892534971237182617e+01 -2.860176531473795691e+01
-3.229961427052815992e+01 -2.953367678324381629e+01
-2.773417075475056848e+01 -3.020989672342936316e+01
-2.952501773834228516e+01 -2.663864199320475379e+01
-3.054194513956705848e+01 -3.383201980590820312e+01
-7.617728670438130401e+00 -4.315425475438435576e+00
-1.318528888622919659e+01 -2.157471466064453125e+01
-2.135431416829426965e+01 -2.303687095642089844e+01
-2.719495550791422644e+01 -2.349001375834147254e+01
-2.183849779764811316e+01 -1.191686916351318359e+01
-1.222227255503336529e+01 -1.711987368265787879e+01
-2.396874761581420898e+01 -3.177011680603027344e+01
-2.297679273287455359e+01 -2.515216763814290246e+01
-3.063320446014404297e+01 -3.043173789978027344e+01
-2.527619536717732629e+01 -2.637404378255208215e+01
-2.941203975677490234e+01 -3.418133417765299242e+01
-2.070693588256835938e+01 -2.092250823974609375e+01
-2.853343200683593750e+01 -3.813952636718750000e+01
-3.033454036712646484e+01 -3.235095214843750000e+01
-1.774075905481974402e+01 -2.088434473673502723e+01
-2.096632091204325476e+01 -9.818492571512857481e+00
-1.578571983178456684e+01 -2.452330334981282434e+01
-2.101783100763956824e+01 -2.497170448303222656e+01
-2.721414343516032019e+01 -2.829924138387044152e+01
-2.714972003300984582e+01 -3.099699083964030066e+01
-2.997750425338745117e+01 -3.283649698893228930e+01
-3.128046671549479285e+01 -1.636348692576090613e+01
-2.065342020988464355e+01 -2.842851956685383996e+01
-3.027028258641560754e+01 -2.934612719217936316e+01
-2.706539424260457238e+01 -2.842378807067871094e+01
-2.682689555486043176e+01 -1.115585517883300781e+01
-1.980174358685811242e+01 -1.611205132802327356e+01
-1.250755492846171002e+01 -6.961815675099690459e+00
-1.505898849169413189e+01 -2.964228121439616004e+01
-2.357777945200602332e+01 -2.764436086018880090e+01
-2.448823753992716590e+01 -1.704579099019368371e+01
-5.687457482020060517e+00 -4.160099665323893525e+00
-7.198856810728709199e+00 -1.570774873097737689e+01
-2.119497545560200891e+01 -2.864157613118489465e+01
-2.944917392730712891e+01 -3.222356923421224195e+01
-2.791796843210856238e+01 -1.409086418151855469e+01
-2.260472901662190637e+01 -2.658419164021809777e+01
-2.867909304300944129e+01 -2.575673866271972656e+01
-2.278951859474182129e+01 -1.558880551656087299e+01
-2.212933826446533203e+01 -1.830930964152018348e+01
-2.483044258753458777e+01 -2.464163907368977746e+01
-3.001811599731445312e+01 -2.933725357055664062e+01
-2.165749080975850305e+01 -1.028457832336425781e+01
-1.780897816022237024e+01 -1.878693517049153527e+01
-2.362815300623575965e+01 -2.644364102681477746e+01
-2.457117311159769812e+01 -1.772083727518717566e+01
-2.407367571194966516e+01 -3.104366048177083215e+01
-1.803991993268330774e+01 -2.547447268168131629e+01
-2.604629023869832238e+01 -2.168759091695149621e+01
-2.664924351374308387e+01 -2.391474723815917969e+01
-2.336791022618611535e+01 -2.413345527648925781e+01
-2.613117329279581824e+01 -3.074125989278157434e+01
-2.724524227778116980e+01 -2.559265327453613281e+01
-2.687653779983520508e+01 -2.708560752868652344e+01
-2.387319254875183105e+01 -3.259010060628255445e+01
-3.265626986821492750e+01 -3.748838043212890625e+01
-2.753226534525553504e+01 -2.547853660583496094e+01
-3.021523459752400598e+01 -3.705733998616536695e+01
-2.514922968546549598e+01 -2.923148345947265625e+01
-2.828427600860595703e+01 -1.940353902180989465e+01
-2.876972945531209191e+01 -3.441910425821939867e+01
-3.513236204783121508e+01 -3.411711120605468750e+01
-3.350192928314208984e+01 -3.284215672810872633e+01
-3.143445253372192383e+01 -3.501090113321939867e+01
-2.750425338745117188e+01 -2.821239280700683594e+01
-2.593050082524617395e+01 -2.945895640055338660e+01
-2.610661538441975793e+01 -2.375904464721679688e+01
-3.135269753138224402e+01 -1.666690349578857422e+01
-2.619183540344238281e+01 -3.029290135701497277e+01
-2.466632302602132043e+01 -2.553798039754231652e+01
-2.287154022852579871e+01 -2.910786310831705848e+01
-2.856424490610758582e+01 -2.524315071105957031e+01
-3.138805278142293176e+01 -1.613544464111328125e+01
-2.372354030609130859e+01 -2.227931276957194129e+01
-2.444823932647705078e+01 -3.664871851603189867e+01
-2.481629657745361328e+01 -2.946273485819498816e+01
-2.622808774312337121e+01 -3.139798227945963660e+01
-2.465128723780314246e+01 -2.641832033793131629e+01
-2.982782697677612305e+01 -2.833671506245930871e+01
-2.811307096481323242e+01 -3.209726778666178149e+01
-3.273371887207031250e+01 -3.488033421834310133e+01
-3.361272605260213453e+01 -2.860368474324544152e+01
-2.805529069900512695e+01 -2.906302642822265625e+01
-3.046582841873168945e+01 -2.818363316853841027e+01
-3.124988524119059363e+01 -2.159421157836914062e+01
-1.867569986979166785e+01 -2.844171206156412879e+01
-2.171822444597880164e+01 -1.090625158945719342e+01
-1.826096272468566895e+01 -2.216933059692382812e+01
-2.669878625869750977e+01 -3.011476961771647254e+01
-2.600662628809611121e+01 -2.072336641947428504e+01
-3.015136305491129676e+01 -1.985219764709472656e+01
-1.760727560520172119e+01 -6.705089410146077178e+00
-1.446802457173665424e+01 -3.202082888285318774e+01
-3.209288469950357836e+01 -3.464335886637369555e+01
-2.961452579498291016e+01 -2.633925882975260535e+01
-2.213211321830749512e+01 -1.434664154052734375e+01
-2.136625766754150391e+01 -2.029889996846516809e+01
-2.670913934707641602e+01 -3.387600708007812500e+01
-2.910424065589904785e+01 -1.420154221852620502e+01
-2.005778280893961707e+01 -1.600714492797851562e+01
-2.351006094614664832e+01 -2.456420898437500000e+01
-3.191176191965739051e+01 -4.015549850463867188e+01
-3.015559879938761512e+01 -2.758454449971516809e+01
-3.364985148111978930e+01 -3.189317766825358191e+01
-3.124908892313639441e+01 -2.961548550923665246e+01
-3.363955863316854078e+01 -2.564637883504231652e+01
-2.593064912160237512e+01 -2.005382982889811316e+01
-2.452597705523173133e+01 -1.268033854166666607e+01
-2.124176343282063684e+01 -3.273522440592447680e+01
-2.994231510162353516e+01 -3.186531066894531250e+01
-1.796971813837687293e+01 -1.990871620178222656e+01
-2.434373458226521691e+01 -3.185911178588867188e+01
-2.532642539342244348e+01 -6.364350795745849609e+00
-5.676729738712310791e+00 -8.665700594584146543e+00
-1.695218634605407715e+01 -2.809734026590983191e+01
-2.631239589055379113e+01 -2.276675033569335938e+01
-2.958398787180582801e+01 -3.224851481119791430e+01
-3.299761867523193359e+01 -2.375871404012044152e+01
-2.330586576461791992e+01 -2.882253392537434777e+01
-3.095365111033121863e+01 -3.850051752726236742e+01
-2.767548759778340539e+01 -1.225297292073567768e+01
-2.113467001914978027e+01 -1.733906873067219934e+01
-2.529874897003173828e+01 -2.663612111409505090e+01
-3.356272904078165453e+01 -3.847731399536132812e+01
-2.961117871602376184e+01 -2.361277198791503906e+01
-2.769578138987223426e+01 -2.203253682454426965e+01
-2.536169544855753699e+01 -2.541211891174316406e+01
-3.188577159245808801e+01 -3.275855318705240649e+01
-2.809179099400838098e+01 -3.503595860799153883e+01
-3.096002817153930664e+01 -2.090151468912760535e+01
-2.158787743250529090e+01 -1.736521021525065223e+01
-2.815217844645182410e+01 -1.812723477681477746e+01
-2.917299636205037316e+01 -3.986230977376302320e+01
-2.485860697428385535e+01 -2.705631319681803504e+01
-2.765799268086751184e+01 -3.054893112182617188e+01
-1.999397857983906945e+01 -1.464808909098307232e+01
-2.096726862589518348e+01 -1.933349736531575402e+01
-2.736953417460123816e+01 -3.054457283020019531e+01
-2.591435702641804895e+01 -1.559470144907633404e+01
-1.499879256884256939e+01 -1.523557440439859967e+01
-1.914181685447692871e+01 -2.100411605834960938e+01
-2.550167051951090613e+01 -2.366148185729980469e+01
-3.139860725402832031e+01 -3.465297190348307055e+01
-2.683956416447957238e+01 -1.964585558573405066e+01
-2.409584299723307410e+01 -2.457257715861002723e+01
-3.400029754638671875e+01 -3.765644073486328125e+01
-1.999023207028706750e+01 -1.806019147237141809e+01
-2.056047606468200684e+01 -2.333387184143066406e+01
-2.898067061106364051e+01 -3.482867304484049242e+01
-2.721100536982218543e+01 -3.508145014444986742e+01
-3.321486012140909594e+01 -3.006181780497233191e+01
-3.274424139658609789e+01 -2.383750089009602746e+01
-2.292227824529011926e+01 -2.541320737202962121e+01
-3.099739535649617395e+01 -2.511234410603841027e+01
-2.567036374409993371e+01 -2.970280520121256629e+01
-3.059052483240763465e+01 -3.780467351277669508e+01
-3.294491084416707594e+01 -2.645232327779133996e+01
-2.468578974405924598e+01 -1.618416055043538293e+01
-2.583790175120035926e+01 -2.969235038757324219e+01
-3.194775120417277137e+01 -3.288071568806966383e+01
-3.413255008061727125e+01 -2.442313003540039062e+01
-2.828706518809000769e+01 -2.289664967854817590e+01
-2.618706289927164832e+01 -2.443183263142903527e+01
-3.259377749760945875e+01 -4.021593602498372633e+01
-3.007325776418050012e+01 -2.915326499938964844e+01
-2.511242230733235559e+01 -2.804319953918457031e+01
-3.344523461659749586e+01 -3.836727396647135180e+01
-3.720705413818359375e+01 -4.065828450520833570e+01
-3.138613891601562500e+01 -3.135581843058268348e+01
-3.214296706517537672e+01 -1.098208077748616596e+01
-1.268786938985188861e+01 -2.311050669352213660e+01
-2.426275857289632043e+01 -3.654518763224283617e+01
-3.304959837595621508e+01 -3.334903589884439867e+01
-3.210708999633789062e+01 -3.851230367024739820e+01
-2.799304453531901160e+01 -2.512596448262532434e+01
-2.768095572789509973e+01 -2.956122398376464844e+01
-3.210551802317301195e+01 -3.106688372294108191e+01
-3.057313474019368371e+01 -3.100475438435872277e+01
-3.678571065266927320e+01 -3.868439992268880445e+01
-3.497404464085897047e+01 -4.114377085367838305e+01
-3.022408501307169715e+01 -2.951446151733398438e+01
-3.389903132120767992e+01 -3.753078460693359375e+01
-2.758263850212097168e+01 -1.621110375722249231e+01
-2.768685738245646277e+01 -3.101908620198567590e+01
-3.330420811971028883e+01 -2.431800460815429688e+01
-2.870037380854288855e+01 -1.840001932779948035e+01
-2.626612726847330848e+01 -2.827524375915527344e+01
-3.528977775573730469e+01 -4.021688715616861742e+01
-3.365965493520101148e+01 -2.954210408528645715e+01
-2.669010225931803504e+01 -1.678999392191569129e+01
-2.717964760462443152e+01 -3.408342997233072680e+01
-3.411559247970581055e+01 -3.558131663004557055e+01
-3.252857240041097242e+01 -3.057769457499186316e+01
-3.294928773244222242e+01 -3.170434697469075402e+01
-3.216402626037597656e+01 -3.160591824849446496e+01
-2.620159196853637695e+01 -3.572932306925455492e+01
-3.152177254358927527e+01 -2.603276761372883996e+01
-2.622380431493123254e+01 -2.527820714314778527e+01
-2.869198894500732422e+01 -3.823987325032552320e+01
-2.073499035835266113e+01 -1.362560081481933594e+01
-2.227180560429890832e+01 -3.258953793843587476e+01
-3.092802190780639648e+01 -2.334209696451823035e+01
-2.467928075790405273e+01 -2.770355224609375000e+01
-2.995690886179606238e+01 -3.825599797566732008e+01
-3.445159578323364258e+01 -2.140457407633463660e+01
-2.570639737447102746e+01 -1.666908709208170691e+01
-2.324303468068440637e+01 -2.352202415466308594e+01
-3.015356763203938684e+01 -3.825096638997396070e+01
-3.103256098429362098e+01 -2.506993675231933594e+01
-2.089148092269897461e+01 -1.736184501647949219e+01
-2.379470888773600379e+01 -3.237800598144531250e+01
-2.806046088536580285e+01 -2.863997077941894531e+01
-2.916341988245646277e+01 -2.977352205912272254e+01
-3.574068291982015211e+01 -2.449569447835286340e+01
-2.370485989252726355e+01 -3.293780263264974195e+01
-2.946652921040852746e+01 -3.560486602783203125e+01
-3.539984528223673266e+01 -3.383802541097005445e+01
-3.155213006337483606e+01 -3.052204259236653527e+01
-2.875822559992472449e+01 -3.784453455607096117e+01
-2.475629727045695105e+01 -1.287863032023111920e+01
-1.689853628476460656e+01 -2.577463213602701941e+01
-2.273346606890360633e+01 -9.934665362040201231e+00
-1.904238080978393555e+01 -2.807273864746093750e+01
-2.803585640589396277e+01 -2.538790702819824219e+01
-1.384476192792256732e+01 -1.105751641591390033e+01
-2.088700469334920129e+01 -2.617767969767252723e+01
-2.952843316396077356e+01 -2.166655031840006629e+01
-2.940142361323038855e+01 -3.344964090983072680e+01
-2.715836783250172815e+01 -6.226576010386149385e+00
-3.026469508806864273e+00 -3.194887955983479966e+00
-6.388442774613698028e+00 -1.739135678609212121e+01
-2.119094260533650598e+01 -2.059360694885253906e+01
-2.667128864924113074e+01 -2.325538380940755090e+01
-2.376716756820678711e+01 -2.231662877400716027e+01
-2.063844394683837891e+01 -2.152673784891764441e+01
-2.300982697804768762e+01 -2.223422940572102746e+01
-2.849575916926066199e+01 -3.659198633829752367e+01
-3.244622993469238281e+01 -3.684514999389648438e+01
-2.236706924438476562e+01 -1.691676902770996094e+01
-2.946654081344604492e+01 -3.599338277180989820e+01
-2.935224183400471887e+01 -3.213791147867838305e+01
-3.063702805836995324e+01 -2.999486859639485559e+01
-2.526485800743103027e+01 -9.759181658426919981e+00
-1.658923562367757043e+01 -2.538135782877604285e+01
-3.021444241205851355e+01 -3.885311126708984375e+01
-3.538650862375894945e+01 -3.185923576354980469e+01
-3.146792856852213660e+01 -3.560688781738281250e+01
-3.188864938418070594e+01 -8.575989087422689394e+00
-4.921836594740550019e+00 -4.404243469238281250e+00
-6.642505884170532227e+00 -1.350937779744466205e+01
-2.133203196525573730e+01 -2.723078536987304688e+01
-3.039021650950114051e+01 -3.517264175415039062e+01
-3.048513936996459961e+01 -2.784891446431477746e+01
-3.084442822138468543e+01 -2.232442919413248816e+01
-2.846237421035766602e+01 -3.201060676574707031e+01
-3.478918933868408203e+01 -2.683507410685221473e+01
-1.592427595456441303e+01 -1.709507306416829309e+01
-2.660986121495564660e+01 -2.768282190958658973e+01
-3.019371096293131629e+01 -3.279699643452962476e+01
-2.149053080876668176e+01 -1.734372011820475379e+01
-2.532041692733764648e+01 -3.218447430928548414e+01
-3.528169107437133789e+01 -2.844145838419596473e+01
-2.881888755162556848e+01 -2.701229985555012902e+01
-2.886761029561360559e+01 -2.923672548929850379e+01
-3.039123646418253699e+01 -3.642517344156900805e+01
-3.235747146606445312e+01 -3.713107045491536695e+01
-3.512298615773519117e+01 -3.332073211669921875e+01
-2.680030218760172644e+01 -3.536328506469726562e+01
-2.531955353418986121e+01 -3.351390329996744555e+01
-2.588763491312662879e+01 -2.009327697753906250e+01
-2.809247779846191406e+01 -2.710014597574869910e+01
-3.399084138870239258e+01 -3.644768269856771070e+01
-3.337483231226602953e+01 -3.598201624552408617e+01
-3.437912162144979078e+01 -4.087940088907877367e+01
-2.706102116902669152e+01 -1.669343884785969934e+01
-2.325001287460327148e+01 -2.136774508158366004e+01
-2.918407726287841797e+01 -3.750199635823567945e+01
-3.094818274180094519e+01 -3.641430155436197680e+01
-1.035903902848561664e+01 -5.393494288126627900e+00
-8.299302021662393614e+00 -2.057037925720214844e+01
-2.400478633244832238e+01 -3.217639923095703125e+01
-3.677304299672444898e+01 -3.902010472615560133e+01
-2.584852608044942102e+01 -1.493045997619628906e+01
-2.284933106104532996e+01 -1.958083025614420691e+01
-2.723018376032511512e+01 -3.004309018452962121e+01
-2.925011634826660156e+01 -2.140561676025390625e+01
-2.653401088714599609e+01 -2.936137835184733191e+01
-3.288318427403768140e+01 -3.127716064453125000e+01
-2.861649529139200965e+01 -2.867476908365885535e+01
-2.493777958552042762e+01 -2.938170369466145715e+01
-3.324225044250488281e+01 -2.953713798522949219e+01
-2.655031760533650598e+01 -2.147105662027994910e+01
-2.141359965006510535e+01 -2.276601727803548059e+01
-3.498558187484741211e+01 -2.078357378641764441e+01
-2.638742049535115441e+01 -2.509813054402669152e+01
-3.252905305226644117e+01 -3.818279647827148438e+01
-3.654837195078531664e+01 -3.722304280598958570e+01
-3.905141925811767578e+01 -3.983706029256185133e+01
-3.600765196482340258e+01 -3.717165501912435133e+01
-2.844469292958577356e+01 -2.860997708638508996e+01
-3.147684939702351770e+01 -3.209951273600260180e+01
-3.461465660730997485e+01 -2.988823191324869910e+01
-3.166554880142211914e+01 -3.461149470011392992e+01
-3.303887208302815992e+01 -4.006996663411458570e+01
-3.032201878229777137e+01 -2.491471290588378906e+01
-3.216802676518758375e+01 -4.276531600952148438e+01
-1.983139952023823938e+01 -1.252730337778727154e+01
-2.182134540875752649e+01 -2.566556994120280066e+01
-2.979913727442423621e+01 -1.932779184977213660e+01
-2.919851048787434777e+01 -3.111872609456380090e+01
-2.938328154881795129e+01 -3.479878870646158617e+01
-2.749317471186320105e+01 -3.403671518961588305e+01
-2.947166760762532434e+01 -2.942804654439290246e+01
-3.316190338134765625e+01 -2.713055992126464844e+01
-2.985261329015095910e+01 -3.395405324300130445e+01
-3.350604089101155836e+01 -3.810842259724935133e+01
-3.368321720759073656e+01 -3.243267567952474195e+01
-2.787147315343220910e+01 -3.916496912638346117e+01
-3.074636284510294715e+01 -3.888845062255859375e+01
-3.154430945714314660e+01 -2.861268933614094934e+01
-2.703800884882609168e+01 -2.656521797180175781e+01
-3.023275025685628137e+01 -3.641431935628255445e+01
-2.679364633560180664e+01 -3.553393809000650805e+01
-2.958342281977335730e+01 -2.839980634053548059e+01
-2.463191906611124793e+01 -2.614302380879719934e+01
-2.439236720403035363e+01 -3.686037445068359375e+01
-3.053247706095377723e+01 -3.097489738464355469e+01
-3.058170080184936523e+01 -3.839294306437174242e+01
-3.457726510365804273e+01 -2.921219253540039062e+01
-2.525192387898762902e+01 -2.455440648396809777e+01
-3.414788754781087476e+01 -3.781739552815755445e+01
-2.856177250544230262e+01 -2.605558840433756629e+01
-3.010051711400349816e+01 -3.679801940917968750e+01
-3.479546960194905836e+01 -2.863046455383300781e+01
-2.212623190879821777e+01 -1.136096636454264264e+01
-1.596745999654134174e+01 -2.638727633158366004e+01
-3.466411352157592773e+01 -3.848782475789388258e+01
-2.630281225840250769e+01 -3.087945620218912879e+01
-2.743717241287231445e+01 -2.898172823588053504e+01
-3.256593529383341235e+01 -4.404179636637369555e+01
-3.566236464182535570e+01 -3.596726353963216383e+01
-3.588453928629557055e+01 -3.671332677205403883e+01
-1.999689197540283203e+01 -1.785970942179362098e+01
-2.674706729253133020e+01 -3.364725748697916430e+01
-3.569029521942138672e+01 -3.671504338582357008e+01
-3.492883777618408203e+01 -3.362189483642578125e+01
-2.928801552454630652e+01 -3.849938329060872633e+01
-3.760912116368611890e+01 -2.122529983520507812e+01
-2.546472374598185340e+01 -2.863476880391438684e+01
-2.801154120763142785e+01 -2.318206914265950402e+01
-1.956013528505961219e+01 -2.633575693766276160e+01
-2.958074665069580078e+01 -3.678013737996419508e+01
-2.676896111170450965e+01 -1.775542386372883996e+01
-2.533548100789387902e+01 -3.940623855590820312e+01
-2.895285097757975379e+01 -2.011833699544270715e+01
-2.908607021967570105e+01 -3.560403060913085938e+01
-3.552709293365478516e+01 -3.581558990478515625e+01
-3.578638680775960523e+01 -3.166101328531901160e+01
-3.299863386154174805e+01 -2.832619158426920691e+01
-2.973326349258422852e+01 -2.780603535970051965e+01
-2.946368090311686316e+01 -2.862704658508300781e+01
-3.539589357376098633e+01 -3.294263331095377367e+01
-3.617650636037190992e+01 -3.584494400024414062e+01
-3.478726148605346680e+01 -3.081974665323893348e+01
-3.303454240163167555e+01 -3.958111826578775805e+01
-3.346258274714151781e+01 -3.002810668945312500e+01
-3.141189289093017578e+01 -3.457598114013671875e+01
-2.473680400848388672e+01 -3.102011680603027344e+01
-3.298788674672444898e+01 -3.499217096964517992e+01
-3.220624399185180664e+01 -3.564034525553385180e+01
-3.522362359364827711e+01 -3.082971700032551965e+01
-2.391575789451599121e+01 -1.342100747426350971e+01
-2.499719683329264441e+01 -3.495948918660482008e+01
-2.857700045903523645e+01 -3.229340426127115649e+01
-2.899320189158121863e+01 -3.167558034261067590e+01
-3.599548530578613281e+01 -3.912381362915039062e+01
-3.319854529698690015e+01 -3.468978246053060133e+01
-2.953761370976765832e+01 -3.538678232828775805e+01
-3.063701168696085730e+01 -2.853438758850097656e+01
-3.259441216786702711e+01 -2.083456103006998816e+01
-2.720120557149251184e+01 -2.337634976704915246e+01
-2.748765071233113488e+01 -2.746735509236653527e+01
-2.873964373270670691e+01 -3.551448440551757812e+01
-1.971212375164031982e+01 -6.645269711812336944e+00
-1.086211919784545898e+01 -3.236182975769042969e+01
-3.147869348526000977e+01 -3.513169097900390625e+01
-3.248780234654744703e+01 -2.820202954610188684e+01
-2.834409348169962684e+01 -3.074186325073242188e+01
-3.073863538106282434e+01 -3.175929005940755090e+01
-3.224561627705892164e+01 -3.679654693603515625e+01
-2.888919623692830285e+01 -3.497154871622721117e+01
-3.392764568328857422e+01 -3.541680145263671875e+01
-3.665809027353922289e+01 -3.252157974243164062e+01
-3.086156352361043176e+01 -3.752185567220052320e+01
-3.533823394775390625e+01 -2.014801025390625000e+01
-1.823919558525085449e+01 -2.560596021016438684e+01
-2.951413345336914062e+01 -2.136521085103352746e+01
-2.778986612955729285e+01 -3.856766382853189867e+01
-3.297720464070638258e+01 -2.726620229085286340e+01
-3.053996674219767371e+01 -3.403449503580728930e+01
-3.566179037094116211e+01 -3.148971366882324219e+01
-3.403676637013753492e+01 -2.652365366617838660e+01
-2.723536459604899207e+01 -3.101801745096842566e+01
-3.032762861251831055e+01 -2.971249771118164062e+01
-2.542752687136332312e+01 -8.929350376129150391e+00
-9.942039092381795840e+00 -2.018749745686848840e+01
-2.459506479899088660e+01 -3.374089558919271070e+01
-3.146375465393066406e+01 -3.166899299621582031e+01
-3.622335370381673414e+01 -3.499739201863607008e+01
-3.139218839009602746e+01 -2.199360720316569129e+01
-2.922328201929728309e+01 -3.326026789347330492e+01
-3.526511112848917406e+01 -4.033078511555989820e+01
-3.266427342096964281e+01 -4.024769973754882812e+01
-3.284479236602783203e+01 -3.862233352661132812e+01
-3.341104491551717359e+01 -2.868425114949544152e+01
-2.916662788391113281e+01 -3.387145487467447680e+01
-3.646653032302856445e+01 -2.980479749043782434e+01
-2.859384536743164062e+01 -2.215962346394856652e+01
-2.812758318583170691e+01 -2.092715199788411340e+01
-3.036613957087199012e+01 -2.493053690592448035e+01
-1.893814841906229773e+01 -2.767100461324055871e+01
-2.229178380966186523e+01 -2.180059051513671875e+01
-2.776983674367268762e+01 -2.348590596516926965e+01
-2.961504522959391394e+01 -2.976558430989583215e+01
-2.993317763010660926e+01 -2.829301071166992188e+01
-3.240692965189615649e+01 -3.498247528076171875e+01
-2.839331110318501672e+01 -1.725878334045410156e+01
-2.935258928934733191e+01 -3.382275009155273438e+01
-3.513424889246622485e+01 -2.786567433675130090e+01
-2.990246136983235559e+01 -2.943783442179362098e+01
-2.388384819030761719e+01 -2.130843416849772254e+01
-2.272042957941691199e+01 -1.819136238098144531e+01
-2.459581995010375977e+01 -2.962341562906901160e+01
-3.590723880132039625e+01 -2.817568778991699219e+01
-3.131233803431193152e+01 -3.885728200276692945e+01
-3.396993494033813477e+01 -2.976928965250651160e+01
-2.921135600407918176e+01 -3.458115641276041430e+01
-3.461192814509073656e+01 -3.543769327799478930e+01
-3.044815047581990441e+01 -2.181739616394042969e+01
-2.894620847702026367e+01 -3.376844406127929688e+01
-3.504787190755208570e+01 -2.574045817057291785e+01
-2.066737047831217566e+01 -1.635240681966145715e+01
-2.726088142395019531e+01 -2.523146120707194129e+01
-3.447183195749918383e+01 -3.622559992472330492e+01
-2.530511466662089148e+01 -1.971706708272298059e+01
-2.853521045049031457e+01 -3.881604131062825758e+01
-2.667100969950358191e+01 -2.024756685892741004e+01
-2.794037373860676965e+01 -2.310576756795247277e+01
-3.077932627995808801e+01 -4.073582458496093750e+01
-2.995700565973917762e+01 -2.512369473775227746e+01
-3.059647035598754883e+01 -3.081646219889323035e+01
-3.651197894414266187e+01 -3.734556706746419508e+01
-3.249992163976033765e+01 -3.569324366251627367e+01
-3.134683402379353723e+01 -3.913103357950846117e+01
-3.326766538619995117e+01 -3.585560862223307055e+01
-3.861492729187011719e+01 -3.719450124104817945e+01
-3.188508558273315430e+01 -3.252422142028808594e+01
-3.090808677673339844e+01 -3.127481142679850379e+01
-3.269526402155558031e+01 -3.576471964518228930e+01
-3.836256980895996094e+01 -4.459160359700521070e+01
-3.599025074640909594e+01 -3.489449818929036695e+01
-2.634614237149556359e+01 -1.500152079264322857e+01
-2.359303879737854004e+01 -2.292367362976074219e+01
-2.709943135579426965e+01 -2.577269172668457031e+01
-2.112956968943278113e+01 -1.975701395670573035e+01
-3.092510334650675574e+01 -3.880298487345377367e+01
-4.001930713653564453e+01 -3.999701436360677320e+01
-3.420818885167440015e+01 -3.426826095581054688e+01
-3.108052651087443152e+01 -3.754583485921224195e+01
-3.529018561045328539e+01 -4.332786814371744555e+01
-3.314021873474121094e+01 -3.820643107096353930e+01
-3.225966151555379469e+01 -2.584480857849121094e+01
-3.171492242813110352e+01 -3.754078292846679688e+01
-3.559954738616943359e+01 -2.914480527242024621e+01
-3.333936945597330492e+01 -3.240448379516601562e+01
-3.164786005020141602e+01 -2.897258949279785156e+01
-3.111136150360107422e+01 -3.221764055887857836e+01
-3.480408557256063062e+01 -3.168010711669921875e+01
-3.484128395716349047e+01 -4.274314626057942945e+01
-3.455433336893717211e+01 -3.806091562906900805e+01
-2.893745454152425012e+01 -1.713396135965983191e+01
-2.424838352203369141e+01 -2.552719116210937500e+01
-3.075113534927368164e+01 -2.513325119018554688e+01
-1.539071877797444721e+01 -3.282907613118489820e+01
-3.087716245651245117e+01 -3.154467201232910156e+01
-3.246813027064005297e+01 -2.621694946289062500e+01
-3.007929436365763465e+01 -2.629930559794108191e+01
-3.502764781316121656e+01 -4.153212356567382812e+01
-3.150521103541056434e+01 -9.888614336649576231e+00
-1.403327775001525879e+01 -2.262076568603515625e+01
-2.943782726923624793e+01 -3.765658442179361742e+01
-3.208361800511678297e+01 -3.413099797566732008e+01
-3.251000928878784180e+01 -3.761807632446289062e+01
-3.538980929056803149e+01 -3.082832463582356652e+01
-3.681753238042195875e+01 -4.456859842936197680e+01
-3.607872740427652758e+01 -3.883470026652017992e+01
-3.010600423812866211e+01 -2.629801559448242188e+01
-2.886549202601115027e+01 -3.017096392313639441e+01
-2.962993272145589074e+01 -3.099010912577311316e+01
-3.462761624654134351e+01 -3.527248001098632812e+01
-3.275570519765218336e+01 -3.820557149251302320e+01
-3.877110926310221117e+01 -4.466485595703125000e+01
-3.799522844950357836e+01 -3.329438400268554688e+01
-3.161160818735758582e+01 -2.295186551411946496e+01
-2.938975890477498254e+01 -3.641527684529622633e+01
-3.480137300491333008e+01 -3.371582285563150805e+01
-3.430537525812784594e+01 -3.026861063639323035e+01
-3.011340014139811316e+01 -2.784690157572428504e+01
-3.246836026509603101e+01 -3.254113133748372633e+01
-3.443012444178263110e+01 -2.535785547892252723e+01
-3.249129724502563477e+01 -3.932709757486978930e+01
-3.658553377787271899e+01 -2.927446365356445312e+01
-3.300794855753580492e+01 -2.699468485514323035e+01
-2.719013420740763465e+01 -3.448291269938150805e+01
-3.426282056172689039e+01 -3.209182294209798414e+01
-2.991341384251912316e+01 -3.754416910807291430e+01
-2.762336889902750769e+01 -2.327822367350260535e+01
-3.431909290949503344e+01 -4.055718612670898438e+01
-3.617986377080281812e+01 -3.033579317728678504e+01
-3.171902640660603723e+01 -3.619028727213541430e+01
-3.187188863754272461e+01 -2.015577061971028527e+01
-2.470620505015055457e+01 -2.504597091674804688e+01
-2.768734216690063477e+01 -1.733520062764485559e+01
-1.907529560724894324e+01 -2.152728271484375000e+01
-3.082731723785400391e+01 -3.984040832519531250e+01
-3.497264750798543531e+01 -3.746186319986978930e+01
-3.712582095464070875e+01 -2.848777262369791785e+01
-2.284443060557047644e+01 -1.424473285675048828e+01
-2.544606892267863074e+01 -3.414534378051757812e+01
-3.420182625452677172e+01 -2.762883377075195312e+01
-3.220672178268432617e+01 -3.453086725870767992e+01
-3.356648572285970289e+01 -3.968199284871419508e+01
-3.284455251693725586e+01 -3.704585774739583570e+01
-2.931726535161336145e+01 -2.078808911641438684e+01
-3.198386939366658410e+01 -3.666128540039062500e+01
-3.559901618957519531e+01 -2.296562894185383996e+01
-2.834731944402058801e+01 -3.777797317504882812e+01
-3.553639650344848633e+01 -2.474601046244303504e+01
-2.419219271341959754e+01 -2.971651458740234375e+01
-3.220422172546386719e+01 -3.491051355997721117e+01
-3.721100298563639086e+01 -2.983417383829752723e+01
-2.733467833201090613e+01 -2.572659238179524621e+01
-3.200462992986043531e+01 -4.046498616536458570e+01
-3.905035273234049242e+01 -3.659768295288085938e+01
-3.353604046503702563e+01 -2.856204605102539062e+01
-2.987039359410603723e+01 -1.875421587626139441e+01
-2.092836197217305383e+01 -3.391164652506510180e+01
-3.323225816090901930e+01 -2.954108619689941406e+01
-2.965460236867268762e+01 -2.671167627970377723e+01
-2.991771427790324012e+01 -4.077115376790364820e+01
-2.415994278589884559e+01 -2.604446792602539062e+01
-3.371163876851399976e+01 -2.777519162495930871e+01
-2.919524033864339074e+01 -3.549418894449869555e+01
-3.744398339589437086e+01 -4.408637237548828125e+01
-2.793912792205810547e+01 -1.184966818491617779e+01
-1.987079469362894812e+01 -3.294226964314778883e+01
-3.067683315277099609e+01 -3.633004252115885180e+01
-3.302805995941162109e+01 -1.547906494140625000e+01
-9.413780013720193907e+00 -1.043201287587483783e+01
-2.196570761998494348e+01 -2.951478258768717566e+01
-2.317915860811869422e+01 -9.193594296773275332e+00
-1.561306091149648090e+01 -2.386796633402506629e+01
-2.592713499069213867e+01 -2.538855425516764441e+01
-3.055785369873046875e+01 -3.790357462565103930e+01
-2.698427820205688477e+01 -2.720106633504231652e+01
-2.822555462519327918e+01 -2.635516802469889441e+01
-3.426555744806925219e+01 -3.901904678344726562e+01
-3.548052867253621656e+01 -4.161029688517252367e+01
-3.265604352951049805e+01 -3.455774688720703125e+01
-2.781983772913615027e+01 -2.734347152709960938e+01
-3.424635124206542969e+01 -2.917266845703125000e+01
-3.304729223251342773e+01 -2.211281204223632812e+01
-2.934091663360595703e+01 -3.340111414591471117e+01
-3.580706405639648438e+01 -3.899613952636718750e+01
-3.435163927078247070e+01 -2.967261250813801965e+01
-3.238355334599813062e+01 -3.476373036702474195e+01
-3.522560342152913648e+01 -4.369024149576822680e+01
-3.632476011912027758e+01 -3.007296244303385535e+01
-3.170357767740885535e+01 -3.799073410034179688e+01
-3.562425041198730469e+01 -2.134090614318847656e+01
-3.147065575917561731e+01 -3.743494542439778883e+01
-3.857677777608235914e+01 -3.959153620402017992e+01
-3.510067987442016602e+01 -3.532782363891601562e+01
-3.553217792510986328e+01 -3.664680353800455492e+01
-3.767044830322265625e+01 -3.686646525065103930e+01
-3.103611326217651367e+01 -2.243566258748372277e+01
-3.045851755142211914e+01 -3.871223449707031250e+01
-3.296162239710489672e+01 -1.654205385843912879e+01
-2.536170196533203125e+01 -3.451352564493814867e+01
-2.750169118245442590e+01 -2.838809394836425781e+01
-2.962878847122192383e+01 -3.241001955668131274e+01
-3.080717849731445312e+01 -3.053744125366210938e+01
-3.290485779444376391e+01 -2.496384493509928504e+01
-2.551368633906046668e+01 -3.489508565266927320e+01
-3.126294946670532227e+01 -2.570001729329426965e+01
-2.432840887705485144e+01 -3.017204856872558594e+01
-3.345254993438720703e+01 -3.152186075846354285e+01
-3.113677310943603516e+01 -2.848544438680012902e+01
-3.326766761144002515e+01 -3.801590855916341383e+01
-3.848925336201985914e+01 -3.756292343139648438e+01
-3.883064842224121094e+01 -3.384455744425455492e+01
-3.375073973337809008e+01 -3.263524246215820312e+01
-3.635624965031941969e+01 -3.508506011962890625e+01
-1.888252790768941125e+01 -7.205160776774088838e+00
-1.084989957014719586e+01 -2.681144396464030066e+01
-2.657567437489827356e+01 -2.380913352966308594e+01
-2.756004524230957031e+01 -3.748876571655273438e+01
-2.915282678604125977e+01 -3.603045527140299242e+01
-3.695261557896932203e+01 -3.873093668619791430e+01
-3.779339742660522461e+01 -3.009364573160807410e+01
-3.029307921727498254e+01 -2.311277834574381629e+01
-3.234549236297607422e+01 -3.819498062133789062e+01
-3.360519520441690844e+01 -2.831721496582031250e+01
-3.669507726033528883e+01 -2.939259910583496094e+01
-1.932588561375935754e+01 -1.322328122456868549e+01
-2.383644239107767859e+01 -2.985508600870768348e+01
-3.220003970464070875e+01 -4.018115743001302320e+01
-2.578087759017944336e+01 -1.679412206013997277e+01
-2.845042880376179895e+01 -3.447458012898763258e+01
-2.534560966491699219e+01 -3.606771214803060133e+01
-2.321986881891886512e+01 -2.006136894226074219e+01
-2.603803523381550988e+01 -3.599974314371744555e+01
-3.354405450820922852e+01 -2.413088226318359375e+01
-1.424228119850158691e+01 -2.143715731302897254e+01
-2.805386781692504883e+01 -3.328739166259765625e+01
-3.296028359731038648e+01 -2.866257794698079309e+01
-2.939888938268025598e+01 -2.929443486531575402e+01
-2.269972952206929406e+01 -1.787357139587402344e+01
-2.075590197245280066e+01 -2.598048400878906250e+01
-2.501230510075886926e+01 -2.123570632934570312e+01
-2.926127751668294152e+01 -2.809005673726399621e+01
-2.942807849248250207e+01 -2.019391504923502723e+01
-3.038719304402669152e+01 -3.478912226359049242e+01
-3.789203008015950758e+01 -3.874902598063150805e+01
-3.158647044499715051e+01 -4.076307551066080492e+01
-3.374183686574300367e+01 -3.290133412679036695e+01
-3.541810242335001391e+01 -3.894631830851236742e+01
-3.662721824645996094e+01 -3.826358795166015625e+01
-3.933637650807698805e+01 -3.601101048787435133e+01
-3.251400184631347656e+01 -3.799910990397135180e+01
-3.432251930236816406e+01 -3.805465062459310133e+01
-3.579861148198445875e+01 -3.890023422241210938e+01
-3.541856606801351148e+01 -3.621972274780273438e+01
-2.934544022878010949e+01 -2.819772847493489465e+01
-2.870887819925944129e+01 -2.844933001200358191e+01
-3.460884110132852953e+01 -1.862403742472330848e+01
-2.512414805094401160e+01 -3.451766077677408617e+01
-3.836323134104410570e+01 -4.223570251464843750e+01
-4.097281487782796461e+01 -3.512380981445312500e+01
-3.413590113321939867e+01 -3.602791849772135180e+01
-3.475044949849446851e+01 -2.437046813964843750e+01
-2.191202656428019324e+01 -3.334424972534179688e+01
-3.077641598383585730e+01 -3.552665710449218750e+01
-3.632171646753946703e+01 -3.233056068420410156e+01
-3.526672760645548266e+01 -4.243575414021810133e+01
-1.916733312606811523e+01 -1.915114466349283973e+01
-2.696873950958251953e+01 -3.261149660746256274e+01
-3.094115360577901086e+01 -1.538981215159098248e+01
-2.370175313949584961e+01 -2.654342587788899621e+01
-3.212200005849202711e+01 -3.093436622619628906e+01
-3.481939061482747633e+01 -3.396111806233724195e+01
-2.058007518450419226e+01 -2.295649973551432410e+01
-2.905724080403645715e+01 -3.249233245849609375e+01
-3.198649295171101770e+01 -2.684763018290201941e+01
-3.356470489501953125e+01 -3.114116096496582031e+01
-3.375691270828247070e+01 -3.775480143229166430e+01
-3.321007712682088453e+01 -3.586299514770507812e+01
-2.068097122510274133e+01 -2.227127965291341027e+01
-3.291069332758585375e+01 -3.752341969807942945e+01
-3.359342702229817945e+01 -3.629077657063802320e+01
-3.522345574696858961e+01 -3.556329727172851562e+01
-3.212622197469075758e+01 -3.426043574015299242e+01
-3.524895334243774414e+01 -1.777945772806803504e+01
-2.039971574147542199e+01 -3.266549428304036695e+01
-2.867636982599894324e+01 -3.393804550170898438e+01
-3.329666694005330640e+01 -2.799040603637695312e+01
-3.262404712041219312e+01 -3.691846593221028883e+01
-3.396582460403442383e+01 -3.853803253173828125e+01
-3.356341505050659180e+01 -2.695161883036295691e+01
-3.408589394887288648e+01 -2.941704305013020715e+01
-3.431668774286905688e+01 -3.926144917805989820e+01
-3.071310599644978723e+01 -3.388329696655273438e+01
-3.202855698267618578e+01 -3.822744115193685133e+01
-3.575773032506307203e+01 -4.329726028442382812e+01
-3.441045904159545898e+01 -2.728064219156901160e+01
-3.463567320505777758e+01 -4.098025385538736742e+01
-2.627353247006734094e+01 -9.448935508728027344e+00
-1.531247496604919434e+01 -2.334915733337402344e+01
-3.090946388244628906e+01 -3.928637568155924242e+01
-3.507676760355631274e+01 -3.025518417358398438e+01
-3.197788763046264648e+01 -3.153622118631998816e+01
-2.985946702957153320e+01 -2.223213132222493371e+01
-3.326231320699056226e+01 -3.795176060994466383e+01
-2.942392253875732422e+01 -1.979598363240559777e+01
-2.673086945215861121e+01 -2.740012550354003906e+01
-2.680359840393066406e+01 -3.563080978393554688e+01
-3.702149168650309008e+01 -3.333600489298502367e+01
-3.829801273345947266e+01 -3.172642962137858191e+01
-3.407780408859252930e+01 -2.413518333435058594e+01
-3.307724301020304125e+01 -4.178040186564127367e+01
-2.784047937393188477e+01 -3.378244781494140625e+01
-2.897994502385457238e+01 -3.235943349202474195e+01
-3.333203856150309008e+01 -3.200650660196939867e+01
-3.668160168329874438e+01 -3.499202982584635180e+01
-3.599731429417928297e+01 -2.535932858784993371e+01
-2.858621629079182824e+01 -2.145432917277018348e+01
-3.183168331782023230e+01 -3.462817382812500000e+01
-3.642673397064208984e+01 -3.406490834554036695e+01
-3.527850214640299242e+01 -3.491176986694335938e+01
-2.682597144444783410e+01 -3.556919352213541430e+01
-3.039148314793904504e+01 -3.147270520528157434e+01
-3.547043863932291430e+01 -4.307178878784179688e+01
-3.791789356867472094e+01 -3.737490590413411695e+01
-2.342315840721130371e+01 -2.719140434265136719e+01
-3.467801491419474047e+01 -2.142872301737467566e+01
-2.821006902058919152e+01 -2.431833076477050781e+01
-3.144269180297851562e+01 -2.065549468994140625e+01
-2.692173560460408410e+01 -3.044368680318196496e+01
-2.999273649851481238e+01 -2.601236661275227746e+01
-3.396172634760538500e+01 -3.776971944173177320e+01
-3.509420092900594312e+01 -3.063991673787434777e+01
-3.788781897226969164e+01 -3.536312866210937500e+01
-3.760196558634439867e+01 -3.763811238606771070e+01
-3.592451985677083570e+01 -3.371617635091146070e+01
-3.714680671691894531e+01 -2.822480265299479285e+01
-2.982066980997721473e+01 -3.985506057739257812e+01
-3.254128217697143555e+01 -3.511650594075521070e+01
-2.424547791481018066e+01 -2.540795644124348840e+01
-2.933320983250935754e+01 -3.156550280253092566e+01
-3.502143128712972242e+01 -3.455069224039713305e+01
-3.719138240814208984e+01 -3.337506612141927320e+01
-3.268049764633178711e+01 -3.511470286051432055e+01
-3.353773339589437086e+01 -2.567417081197102746e+01
-3.489878765741983813e+01 -3.377407709757486742e+01
-3.354255358378092211e+01 -2.431960614522298059e+01
-3.012611961364746094e+01 -2.795955530802408973e+01
-2.659712251027425012e+01 -1.641178448994954309e+01
-2.142072598139445105e+01 -3.470322672526041430e+01
-3.379872369766235352e+01 -3.935252634684244555e+01
-2.764112726847330848e+01 -3.070769564310709754e+01
-3.132957077026367188e+01 -3.337518946329752367e+01
-3.196080287297566613e+01 -2.818652089436848840e+01
-2.661296351750691613e+01 -2.699636904398600379e+01
-3.068296257654825965e+01 -3.955019760131835938e+01
-3.231688356399536133e+01 -3.628285090128580492e+01
-3.376917219161987305e+01 -2.420567576090494910e+01
-3.275523853302001953e+01 -3.890997568766275805e+01
-3.578466351826985914e+01 -2.229432233174641809e+01
-2.915120442708333215e+01 -3.956065495808919508e+01
-2.392135588328043738e+01 -2.928703562418619910e+01
-3.066006708145141602e+01 -2.976693344116210938e+01
-3.013510433832804480e+01 -3.922554651896158617e+01
-3.521062485376993578e+01 -3.745045979817708570e+01
-3.455259227752685547e+01 -3.374141184488932055e+01
-2.741836754480997840e+01 -3.015462748209635535e+01
-3.290812699000040453e+01 -2.708433469136555871e+01
-3.236584774653116625e+01 -2.659273338317871094e+01
-3.048025433222452918e+01 -3.757666015625000000e+01
-3.613577890396118164e+01 -3.079282251993815223e+01
-3.156943273544311523e+01 -3.206471633911132812e+01
-3.256981468200683594e+01 -2.822794469197591027e+01
-3.017281277974446496e+01 -3.382512410481771070e+01
-3.227959537506103516e+01 -3.969065093994140625e+01
-3.696139796574910719e+01 -3.234889157613118726e+01
-3.309681240717569750e+01 -1.996293830871582031e+01
-3.122031943003336707e+01 -3.580618921915689867e+01
-3.142212820053100586e+01 -2.475129381815592566e+01
-2.847673098246256629e+01 -3.278906250000000000e+01
-3.752131716410318774e+01 -4.249855295817057055e+01
-3.110600598653157434e+01 -3.129144414265950402e+01
-3.145374870300292969e+01 -3.178393872578938684e+01
-3.772312704722086352e+01 -3.695617802937825758e+01
-3.779829756418863695e+01 -4.473844401041666430e+01
-3.147245566050211707e+01 -3.414597447713216383e+01
-3.905372015635172289e+01 -3.681401443481445312e+01
-3.582637437184651930e+01 -3.884906514485677320e+01
-3.575083319346109789e+01 -3.793074925740560133e+01
-3.787181123097737867e+01 -3.241451136271158617e+01
-3.440872669219970703e+01 -2.958792622884114465e+01
-3.221445035934448242e+01 -2.707717895507812500e+01
-3.175689188639323035e+01 -4.002507909138997633e+01
-2.549810187021891394e+01 -1.792894872029622277e+01
-3.185505342483520508e+01 -4.374282964070638258e+01
-3.154917987187703332e+01 -4.188593292236328125e+01
-3.108317677179972449e+01 -2.730449930826823035e+01
-2.267762994766235352e+01 -3.466210428873697680e+01
-2.734406248728434363e+01 -1.749738629659016809e+01
-2.668269157409667969e+01 -3.322885131835937500e+01
-3.365713723500569898e+01 -2.942452557881673059e+01
-3.794182761510213453e+01 -4.038761647542317945e+01
-3.558100318908691406e+01 -3.293296051025390625e+01
-3.075192721684773645e+01 -2.338984616597493371e+01
-2.939483388264973840e+01 -3.299632008870442945e+01
-3.564612579345703125e+01 -3.022180366516113281e+01
-3.343816900253295898e+01 -3.583836364746093750e+01
-3.928435071309407789e+01 -2.877424494425455848e+01
-3.099413379033406457e+01 -3.745033137003580492e+01
-3.885681247711181641e+01 -3.052549807230631629e+01
-3.225917847951253492e+01 -3.507512537638346117e+01
-3.192798789342244348e+01 -3.891763941446939867e+01
-3.589546028772989672e+01 -4.118732961018880445e+01
-3.855306561787923414e+01 -3.862245814005533617e+01
-3.754257869720458984e+01 -3.982818349202474195e+01
-3.526183652877807617e+01 -3.981183624267578125e+01
-3.849518426259358961e+01 -3.524482472737630445e+01
-3.684952751795450610e+01 -2.769876670837402344e+01
-2.555487473805745324e+01 -2.789016215006510535e+01
-3.350908788045247633e+01 -4.035429890950521070e+01
-3.618128856023152906e+01 -3.808991877237955492e+01
-3.267959801355997485e+01 -2.760551897684733191e+01
-3.111610047022501746e+01 -3.573249435424804688e+01
-3.541622352600097656e+01 -3.230646006266275805e+01
-3.579256677627563477e+01 -4.107763671875000000e+01
-3.810089810689290601e+01 -2.401332410176594934e+01
-3.092834170659383020e+01 -3.864026387532552320e+01
-3.907327238718668383e+01 -3.785356648763021070e+01
-3.210413106282552320e+01 -2.765755271911621094e+01
-2.707993570963541785e+01 -3.006949106852213660e+01
-2.752742624282836914e+01 -2.389736366271972656e+01
-2.857009077072143555e+01 -3.391996892293294508e+01
-3.335871680577596265e+01 -3.862897237141927320e+01
-3.264925114313761156e+01 -2.232655843098958215e+01
-2.729048442840576172e+01 -2.186875597635905066e+01
-2.672143872578938684e+01 -3.683525848388671875e+01
-2.910716470082600793e+01 -3.105549240112304688e+01
-3.517293516794840258e+01 -2.494732920328776160e+01
-3.001715548833211145e+01 -3.044765218098958215e+01
-2.613570340474446496e+01 -3.376538594563802320e+01
-3.437679799397786695e+01 -2.685591888427734375e+01
-3.180635531743367395e+01 -3.918763224283853930e+01
-3.228678178787231445e+01 -3.230018806457519531e+01
-3.006892538070678711e+01 -2.931351725260416785e+01
-3.315858316421508789e+01 -2.984397570292155066e+01
-2.860929663976033410e+01 -2.718815930684407434e+01
-2.918121957778930664e+01 -3.886851501464843750e+01
-3.903391853968302172e+01 -2.185646820068359375e+01
-2.873639345169067383e+01 -1.923841476440429688e+01
-2.081388791402180871e+01 -2.656206321716308594e+01
-3.257568883895874023e+01 -3.592508188883463305e+01
-3.679798491795857984e+01 -3.507020950317382812e+01
-3.491839090983072680e+01 -3.248757553100585938e+01
-3.672498321533203125e+01 -4.131379063924153883e+01
-4.216686852773030836e+01 -3.435302861531575758e+01
-3.587610244750976562e+01 -3.717320887247721117e+01
-3.759201510747274000e+01 -4.759931310017903883e+01
-3.317283852895101148e+01 -4.120136388142903883e+01
-2.975736967722574988e+01 -3.211503791809082031e+01
-3.713190205891927320e+01 -3.720142110188802320e+01
-3.493910455703735352e+01 -3.608981831868489820e+01
-3.662801869710286695e+01 -2.586858113606770715e+01
-3.351859649022420484e+01 -2.654513740539550781e+01
-3.114071464538574219e+01 -2.419694391886393348e+01
-3.423375701904296875e+01 -3.593666839599609375e+01
-3.304935789108276367e+01 -2.633589426676432410e+01
-3.326009384791056078e+01 -2.468590354919433594e+01
-3.518909533818563062e+01 -3.090872319539387902e+01
-3.206185150146484375e+01 -2.586017735799153527e+01
-2.389355691274007043e+01 -1.693684864044189453e+01
-2.599487018585205078e+01 -3.365541076660156250e+01
-3.815541712443033617e+01 -2.871953709920247277e+01
-2.515045944849650184e+01 -3.075244394938151160e+01
-3.429011281331380445e+01 -3.959048461914062500e+01
-3.131421295801798621e+01 -2.988184611002604285e+01
-3.479614067077636719e+01 -3.995779800415039062e+01
-3.399546353022257250e+01 -2.554877726236979285e+01
-3.102781597773234168e+01 -3.477124786376953125e+01
-3.727532339096069336e+01 -2.949868710835774621e+01
-3.265545860926309985e+01 -3.693799463907877367e+01
-4.153392219543457031e+01 -3.905639775594075758e+01
-3.156478309631347656e+01 -3.578384017944335938e+01
-3.467392651240030688e+01 -2.485790761311848840e+01
-3.013875865936279297e+01 -3.336282730102539062e+01
-3.279940334955851000e+01 -3.677429199218750000e+01
-3.628419256210327148e+01 -2.737190500895182410e+01
-1.985476072629292688e+01 -6.009095191955566406e+00
-3.229114194711049546e+00 -2.435283263524373520e+00
-3.499276598294576157e+00 -5.294367472330729463e+00
-9.926363309224447207e+00 -1.904842313130696496e+01
-2.368837340672810754e+01 -2.979819997151692590e+01
-3.699609533945719164e+01 -2.576985104878743371e+01
-3.270573679606119555e+01 -3.247855758666992188e+01
-3.587830193837483961e+01 -3.518137741088867188e+01
-3.436102191607157152e+01 -1.536242326100667377e+01
-2.519929615656534949e+01 -3.393267440795898438e+01
-3.603490686416625977e+01 -3.809479777018228930e+01
-3.468698374430338305e+01 -1.847078450520833215e+01
-2.680148379007975379e+01 -3.992422485351562500e+01
-2.858175675074259559e+01 -2.880760701497395715e+01
-3.385524304707845289e+01 -3.347594070434570312e+01
-2.300497786204020301e+01 -2.717191632588704309e+01
-3.190010499954223633e+01 -3.331402969360351562e+01
-3.550317033131917555e+01 -4.013603337605794508e+01
-3.314584747950235766e+01 -4.022260284423828125e+01
-3.061933596928914270e+01 -3.141387240091959754e+01
-3.000838820139567176e+01 -2.564086596171061316e+01
-2.680338239669799805e+01 -2.924468421936035156e+01
-3.316156705220540601e+01 -3.748646291097005445e+01
-3.618768962224324781e+01 -3.342899831136067945e+01
-3.716635990142822266e+01 -2.969655354817708215e+01
-2.531272776921590051e+01 -3.230209032694498461e+01
-2.860452127456665039e+01 -3.006667709350585938e+01
-2.480465936660766602e+01 -3.179724311828613281e+01
-2.479249191284179688e+01 -2.006282361348469934e+01
-2.818628756205241004e+01 -2.583880933125813684e+01
-2.920526440938313684e+01 -3.292772293090820312e+01
-2.121152305603027344e+01 -1.713853009541829309e+01
-1.858887441953023156e+01 -2.490192604064941406e+01
-2.774890438715616980e+01 -2.869536972045898438e+01
-3.308039792378743726e+01 -2.882920265197753906e+01
-3.745657205581665039e+01 -3.558454386393228930e+01
-3.807009983062744141e+01 -4.353911209106445312e+01
-2.706313761075337609e+01 -2.694065984090169152e+01
-2.925617965062459191e+01 -2.990961710611979285e+01
-3.358952013651529711e+01 -3.784916687011718750e+01
-4.036534627278646070e+01 -3.013495445251464844e+01
-3.188645919164021691e+01 -2.923811594645182410e+01
-3.070996093750000000e+01 -3.809704971313476562e+01
-3.302977752685546875e+01 -3.267216173807779711e+01
-3.588891760508219164e+01 -3.613696034749349195e+01
-3.922518221537271899e+01 -4.197577540079752367e+01
-4.064064089457193774e+01 -4.181741460164388258e+01
-3.587891276677449781e+01 -3.717841593424478930e+01
-3.387603314717610914e+01 -1.737190628051757812e+01
-2.875517272949218750e+01 -2.437326749165852746e+01
-2.412938006718953332e+01 -3.017355028788248816e+01
-3.278817717234293383e+01 -3.217183430989583570e+01
-3.265990209579467773e+01 -3.839226023356119555e+01
-3.409539842605590820e+01 -3.317502593994140625e+01
-3.473258558909098070e+01 -3.761047363281250000e+01
-3.767445723215738695e+01 -4.096787261962890625e+01
-3.869936021169026930e+01 -3.928134028116861742e+01
-3.402964162826538086e+01 -2.708530934651692590e+01
-3.555293242136637133e+01 -4.180694707234700758e+01
-2.919591283798217773e+01 -2.911755434672037879e+01
-3.336523389816284180e+01 -2.991423606872558594e+01
-2.984947109222412109e+01 -2.723179690043131629e+01
-3.360406986872354906e+01 -4.016053517659505445e+01
-4.054196039835611742e+01 -3.607491048177083570e+01
-2.953577216466267785e+01 -2.627659479777018348e+01
-2.565876197814941406e+01 -1.607677396138508996e+01
-2.433228309949238977e+01 -3.125733884175618371e+01
-2.899758553504943848e+01 -1.772229321797688684e+01
-2.667184511820475379e+01 -3.216601181030273438e+01
-2.600082222620646277e+01 -3.268171310424804688e+01
-2.796012512842814246e+01 -3.461080932617187500e+01
-3.460060675938924390e+01 -4.158618418375650805e+01
-2.971695725123087684e+01 -3.329698944091796875e+01
-3.500437927246093750e+01 -3.991639455159505445e+01
-2.847525072097778320e+01 -1.986567560831705848e+01
-2.485346253712971887e+01 -2.691726303100585938e+01
-3.114170074462890625e+01 -2.818271891276041785e+01
-3.050865348180134973e+01 -1.852470970153808594e+01
-2.855406634012858191e+01 -2.951427141825358191e+01
-3.657393566767374438e+01 -3.756113433837890625e+01
-2.306239716211954871e+01 -2.237764549255371094e+01
-2.947859430313110352e+01 -3.725553385416666430e+01
-4.092715740203857422e+01 -3.149395497639973840e+01
-3.335222705205281812e+01 -2.771781730651855469e+01
-3.006943146387736121e+01 -2.776447359720866004e+01
-3.430442508061727125e+01 -3.120938173929850379e+01
-3.343347899119059008e+01 -3.952476247151692945e+01
-3.747828865051269531e+01 -2.873213068644205848e+01
-2.651283693313598633e+01 -2.079332415262858191e+01
-1.980824565887451172e+01 -1.278632767995198627e+01
-2.020663237571716309e+01 -3.398669433593750000e+01
-3.303263250986734789e+01 -2.889162127176920691e+01
-2.506628195444742957e+01 -2.842413330078125000e+01
-3.566153065363565844e+01 -4.027735519409179688e+01
-3.868406613667806226e+01 -3.560962931315103930e+01
-3.172152233123779297e+01 -2.622288449605305871e+01
-3.282224019368489820e+01 -3.960355377197265625e+01
-3.776224327087402344e+01 -3.635335413614908617e+01
-3.503420877456665039e+01 -3.329132715861002367e+01
-3.685032908121744555e+01 -3.768381118774414062e+01
-4.086795568466186523e+01 -2.343435605367024621e+01
-2.806418244043986121e+01 -3.518641789754232008e+01
-3.683780733744303149e+01 -3.508613713582357008e+01
-3.316262690226236742e+01 -3.542155329386392992e+01
-3.763757054011026781e+01 -3.896526082356771070e+01
-1.971349326769511023e+01 -2.971924845377604285e+01
-2.793454090754191199e+01 -2.274165789286295691e+01
-3.288974046707153320e+01 -4.023426691691080492e+01
-3.796390867233276367e+01 -3.200028292338053149e+01
-3.714156643549601000e+01 -3.907332102457682055e+01
-3.515591343243917066e+01 -1.292427285512288471e+01
-1.794547327359517297e+01 -2.122135353088378906e+01
-2.685363753636677941e+01 -3.249374135335286695e+01
-3.191359265645344934e+01 -2.032525761922200402e+01
-3.050228691101074219e+01 -2.388496335347493371e+01
-2.988403813044230262e+01 -2.493649291992187500e+01
-3.175582329432169715e+01 -3.933968607584635180e+01
-3.403322633107503492e+01 -2.522302309672037879e+01
-3.242549037933349609e+01 -1.959167353312174598e+01
-2.152065865198771277e+01 -2.981198755900065223e+01
-3.294088427225748461e+01 -2.574683698018391809e+01
-3.409546120961507398e+01 -3.631431452433267992e+01
-3.682937065760294360e+01 -3.516653442382812500e+01
-3.492688687642415601e+01 -1.868921534220377723e+01
-2.559820318222045898e+01 -2.775983428955078125e+01
-2.977469603220621863e+01 -3.045701344807942590e+01
-2.761914904912312707e+01 -3.170727157592773438e+01
-3.586779276529947680e+01 -3.875965881347656250e+01
-4.024755573272705078e+01 -3.679668935139974195e+01
-4.062007331848144531e+01 -4.069191614786783617e+01
-3.257711140314737719e+01 -3.903180058797200758e+01
-3.541181294123331469e+01 -4.075305938720703125e+01
-2.243349687258402625e+01 -2.857938067118326941e+01
-3.415413633982340258e+01 -3.765211741129557055e+01
-3.761899312337239820e+01 -3.278177388509114820e+01
-2.637378168106079102e+01 -2.751430002848307410e+01
-2.921246782938639441e+01 -3.273562494913736742e+01
-3.586919641494750977e+01 -4.248237864176432055e+01
-3.651241095860799390e+01 -3.474157587687174242e+01
-3.309465281168619555e+01 -2.578125127156575402e+01
-3.463884162902832031e+01 -3.395933278401692945e+01
-3.749278450012207031e+01 -4.249415461222330492e+01
-3.700974527994791430e+01 -3.502858225504557055e+01
-3.676113875706990797e+01 -3.086359087626139441e+01
-3.333759228388468188e+01 -4.165105438232421875e+01
-4.089442125956217211e+01 -3.988247680664062500e+01
-3.352427593866983813e+01 -2.867810885111491004e+01
-2.570554971694946289e+01 -2.972796440124511719e+01
-3.340703137715657789e+01 -3.758317947387695312e+01
-3.853954124450683594e+01 -4.130121866861978930e+01
-3.097198041280110559e+01 -4.092707570393880445e+01
-3.347098747889200610e+01 -3.478167088826497633e+01
-3.283523352940877515e+01 -2.785919253031412879e+01
-2.978091335296630859e+01 -2.127106221516926965e+01
-3.578776836395263672e+01 -3.883041890462239820e+01
-2.933677927652994910e+01 -2.816539955139160156e+01
-3.420326391855875414e+01 -3.484114837646484375e+01
-3.754318364461263258e+01 -3.186544990539550781e+01
-3.764428027470906812e+01 -3.103435897827148438e+01
-2.995308478673299035e+01 -2.643849945068359375e+01
-3.095752906799316406e+01 -2.670737584431966027e+01
-2.073680345217387000e+01 -2.021021588643391809e+01
-3.016136900583903113e+01 -4.063672765096028883e+01
-3.799620374043782789e+01 -4.283846664428710938e+01
-3.912314891815185547e+01 -4.277907816569010180e+01
-3.911882352828979492e+01 -3.235430145263671875e+01
-2.858946561813354492e+01 -3.677816009521484375e+01
-3.687927087148030836e+01 -3.598093541463216383e+01
-3.134371185302734375e+01 -2.171113332112630090e+01
-3.250289710362752515e+01 -4.233205413818359375e+01
-3.593623828887939453e+01 -4.130020523071289062e+01
-3.911788082122802734e+01 -4.111184692382812500e+01
-3.980308198928833008e+01 -3.554856109619140625e+01
-3.896525208155313891e+01 -4.212933349609375000e+01
-4.313162263234456617e+01 -4.449299367268880445e+01
-4.196608734130859375e+01 -4.041181310017903883e+01
-4.233789889017740649e+01 -4.693787638346353930e+01
-2.988931941986083984e+01 -3.076588503519694129e+01
-3.285691086451212328e+01 -1.541693560282389264e+01
-1.677255463600158691e+01 -2.724323081970214844e+01
-2.694973293940226355e+01 -2.889999198913574219e+01
-3.530004390080770094e+01 -4.199946212768554688e+01
-3.287252298990885180e+01 -3.303865687052408617e+01
-2.993352858225504676e+01 -2.483183161417643348e+01
-2.853449964523315430e+01 -3.211677614847818774e+01
-3.267525100708007812e+01 -2.727026748657226562e+01
-3.934744087855020922e+01 -4.122138595581054688e+01
-3.687674506505330640e+01 -2.854877026875813684e+01
-3.709941371281941969e+01 -4.298916371663411695e+01
-3.187059275309244910e+01 -3.658672205607096117e+01
-3.443809302647908765e+01 -2.498161379496256629e+01
-3.371239423751831055e+01 -3.175350888570149621e+01
-3.558354091644287109e+01 -2.668461672465006629e+01
-2.664919010798136512e+01 -2.727025731404622277e+01
-3.168698310852050781e+01 -3.820696767171224195e+01
-3.615223105748494703e+01 -2.790642738342285156e+01
-3.022525819142659387e+01 -3.381565602620442945e+01
-3.503199847539266187e+01 -3.515339406331380445e+01
-3.411711740493774414e+01 -3.472194290161132812e+01
-3.278761752446492750e+01 -2.300256220499674598e+01
-3.435894060134887695e+01 -3.916198984781900805e+01
-3.750233507156372070e+01 -3.409639231363932055e+01
-3.332804409662882250e+01 -3.222285779317220289e+01
-3.505415344238281250e+01 -3.085680389404296875e+01
-3.275162521998087328e+01 -3.964894358317057055e+01
-2.934493120511372766e+01 -1.214216709136962891e+01
-2.065998148918151855e+01 -2.844756889343261719e+01
-3.223036082585652906e+01 -3.390089416503906250e+01
-3.919544696807861328e+01 -4.432221730550130445e+01
-3.298603582382202148e+01 -3.536877314249674242e+01
-2.967842753728230676e+01 -3.279036267598470289e+01
-3.241463120778401930e+01 -1.966976420084635535e+01
-2.199721161524454871e+01 -3.957297007242838305e+01
-1.437738958994547467e+01 -9.953139305114746094e+00
-1.865000804265340051e+01 -1.995019149780273438e+01
-3.268121083577474195e+01 -4.011038843790689867e+01
-3.760129833221435547e+01 -3.913895670572916430e+01
-3.887677860260009766e+01 -3.853121693929036695e+01
-3.869196414947509766e+01 -3.873765182495117188e+01
-4.012542692820230883e+01 -4.192014058430989820e+01
-3.604118744532267016e+01 -1.787055460611979285e+01
-2.803411277135213098e+01 -3.115572484334309777e+01
-2.653798564275105676e+01 -2.342788887023925781e+01
-2.293996636072794715e+01 -2.654304250081380090e+01
-2.122119585673014441e+01 -2.259224065144856652e+01
-2.963872321446736535e+01 -3.527015686035156250e+01
-3.679806105295816820e+01 -3.878103129069010180e+01
-3.727772808074951172e+01 -3.672587458292642992e+01
-3.938213857014974195e+01 -4.258295567830403883e+01
-3.818115393320719164e+01 -3.761998367309570312e+01
-2.484859371185302734e+01 -2.032226562500000000e+01
-2.511794344584147254e+01 -2.691720708211262902e+01
-2.807193708419799805e+01 -2.122991561889648438e+01
-1.686052719751993934e+01 -9.212057908376058535e+00
-1.424524827798207660e+01 -2.642408243815104285e+01
-2.783986870447794715e+01 -3.249972279866536695e+01
-3.625054136912027758e+01 -4.361349232991536695e+01
-3.227071015040079516e+01 -3.151567522684733191e+01
-3.589790980021158617e+01 -3.132075881958007812e+01
-3.296531883875528735e+01 -1.757781600952148438e+01
-2.964992539087931434e+01 -4.242934544881185133e+01
-3.782709026336669922e+01 -3.909839630126953125e+01
-3.840520588556925219e+01 -1.840353329976399621e+01
-2.399234501520792762e+01 -3.017621866861979285e+01
-3.107292938232421875e+01 -3.542596435546875000e+01
-3.761500755945841235e+01 -2.198378817240397254e+01
-2.403928852081298828e+01 -3.407160695393880445e+01
-3.750826422373453539e+01 -3.521717580159505445e+01
-3.695320733388265211e+01 -3.699867757161458570e+01
-3.928255812327066820e+01 -3.229841868082682055e+01
-3.463462766011556226e+01 -2.305260658264160156e+01
-2.549020353953043738e+01 -3.060055669148762902e+01
-3.275918642679850024e+01 -3.901660283406575758e+01
-3.450845114390055102e+01 -3.974677658081054688e+01
-2.784916051228841027e+01 -2.972083473205566406e+01
-2.854539823532104492e+01 -3.648540623982747633e+01
-2.902077261606852332e+01 -1.544523747762044330e+01
-2.136922677357991418e+01 -2.219358189900716027e+01
-2.903631671269734582e+01 -3.732239786783853930e+01
-3.633724625905355055e+01 -4.014630762736002367e+01
-2.533746830622355262e+01 -2.517802238464355469e+01
-3.527049096425374586e+01 -4.037975692749023438e+01
-3.229882097244262695e+01 -2.503528404235839844e+01
-3.011312659581502160e+01 -3.205875968933105469e+01
-3.165604082743326941e+01 -2.972856839497883996e+01
-2.790248107910156250e+01 -2.157783317565917969e+01
-3.051643753051757812e+01 -3.524061965942382812e+01
-3.613036775588989258e+01 -2.737474314371744910e+01
-3.299038696289062500e+01 -1.575738239288330078e+01
-1.633624053001403809e+01 -2.655661074320475379e+01
-3.266147979100545484e+01 -3.619172286987304688e+01
-3.490800555547078687e+01 -3.287326176961263258e+01
-2.098720987637837609e+01 -1.808965873718261719e+01
-2.730841430028279504e+01 -3.536451975504557055e+01
-3.250973590215047437e+01 -3.133300336201985559e+01
-3.009445556004842004e+01 -3.669416936238607008e+01
-3.485154422124227125e+01 -3.935289510091146070e+01
-3.144705247879028320e+01 -3.017534001668294152e+01
-3.264452807108560961e+01 -3.131396102905273438e+01
-3.801170857747396070e+01 -4.180028025309244555e+01
-3.815375932057698805e+01 -3.183436330159505090e+01
-3.114460182189941406e+01 -3.507065582275390625e+01
-2.986649862925211707e+01 -2.962686602274576941e+01
-3.457426102956136305e+01 -4.075452931722005445e+01
-3.096466191609700402e+01 -3.458090464274088305e+01
-3.757889842987060547e+01 -2.469244194030761719e+01
-3.228104384740193922e+01 -4.017844263712564867e+01
-3.877994505564371508e+01 -3.458389918009439867e+01
-3.787749163309732836e+01 -4.273170852661132812e+01
-3.670712359746297437e+01 -4.253015263875325758e+01
-4.005230108896891039e+01 -2.723650360107421875e+01
-2.477351538340250769e+01 -3.606205113728841383e+01
-3.503965679804483813e+01 -3.530962626139322680e+01
-2.010901816685994348e+01 -2.347660764058430871e+01
-2.894803317387898645e+01 -3.032437197367350379e+01
-3.640703821182250977e+01 -4.362516148885091383e+01
-3.538161754608154297e+01 -3.160232798258463660e+01
-3.027091725667317590e+01 -3.530788421630859375e+01
-3.422398424148559570e+01 -3.261013031005859375e+01
-3.157342513402302941e+01 -2.661637751261393348e+01
-3.256887086232503492e+01 -4.086181259155273438e+01
-3.570460319519042969e+01 -3.015494155883789062e+01
-3.194401137034098426e+01 -2.886488978068033973e+01
-3.516917339960733813e+01 -2.913324991861979285e+01
-3.026581001281738281e+01 -3.154342269897460938e+01
-3.372035821278890211e+01 -3.174297014872233191e+01
-3.326313511530558031e+01 -2.822804514567057410e+01
-2.401246992746989051e+01 -3.152544848124186316e+01
-3.281999238332112867e+01 -3.133499272664387902e+01
-2.598377672831217566e+01 -3.166697247823079309e+01
-3.673921187718709547e+01 -4.250271479288736742e+01
-3.726223786671956617e+01 -2.329834683736165246e+01
-3.309884564081827563e+01 -4.030033620198567945e+01
-2.846678153673807898e+01 -2.191948191324869910e+01
-3.014981794357299805e+01 -3.930701955159505445e+01
-4.013998794555664062e+01 -3.678223037719726562e+01
-3.910797675450643140e+01 -1.758702278137207031e+01
-1.372913718223571777e+01 -2.118190002441406250e+01
-2.798239819208781043e+01 -3.617046991984049242e+01
-3.974471187591552734e+01 -3.614913304646810133e+01
-3.775669892628987867e+01 -3.992851511637369555e+01
-3.491848866144815844e+01 -2.859725570678710938e+01
-3.601136573155721265e+01 -2.610811487833658973e+01
-1.502115750312805176e+01 -1.993874295552571496e+01
-2.710412502288818359e+01 -3.561141331990560133e+01
-3.108524099985758582e+01 -1.304200998942057232e+01
-1.733669439951578894e+01 -2.402404467264811316e+01
-2.815268675486246863e+01 -3.169826189676920691e+01
-3.122311878204345703e+01 -2.610188865661621094e+01
-3.081696859995524207e+01 -2.475124295552571496e+01
-3.541353146235147875e+01 -3.296250788370767992e+01
-3.211359866460164625e+01 -2.051313336690266809e+01
-2.454915841420491418e+01 -3.586733500162760180e+01
-2.423571570714314660e+01 -1.960158983866373816e+01
-3.209387572606404859e+01 -3.782515716552734375e+01
-3.951272344589233398e+01 -2.578243573506673059e+01
-2.036544068654378137e+01 -2.015665880839030066e+01
-2.830454746882120887e+01 -3.351774215698242188e+01
-3.591104873021443922e+01 -4.174312591552734375e+01
-3.808927472432454664e+01 -2.939171981811523438e+01
-3.026335684458414832e+01 -3.586652374267578125e+01
-3.375108416875203687e+01 -3.275117619832357008e+01
-3.545274146397908765e+01 -3.493003082275390625e+01
-2.894077316919962684e+01 -2.098887888590494910e+01
-2.191990454991658410e+01 -1.794620641072591027e+01
-2.595168256759643555e+01 -2.996186129252116004e+01
-3.178993892669677734e+01 -3.008727327982584754e+01
-3.162644990285237512e+01 -3.674713261922200758e+01
-3.920721467336019117e+01 -3.402094904581705492e+01
-3.116909074783325195e+01 -3.356599934895833570e+01
-3.330655336380004883e+01 -3.298152542114257812e+01
-3.503998263676961500e+01 -4.076681772867838305e+01
-3.634078152974446851e+01 -2.955037689208984375e+01
-3.902798700332641602e+01 -4.258830642700195312e+01
-3.331932179133097094e+01 -3.893844095865885180e+01
-3.268500804901123047e+01 -2.287256876627604285e+01
-3.170734596252441406e+01 -4.011834843953450758e+01
-3.374746767679850024e+01 -2.885941505432128906e+01
-3.042475048700968543e+01 -2.739703432718912879e+01
-3.123893229166666785e+01 -2.489188385009765625e+01
-2.933473491668701172e+01 -3.751296106974283617e+01
-4.079439322153726977e+01 -4.116184997558593750e+01
-3.681950028737386305e+01 -3.203215535481771070e+01
-2.934835704167683801e+01 -3.300802357991536695e+01
-2.860098028182983398e+01 -1.723051834106445312e+01
-2.750298643112182617e+01 -3.807688268025716383e+01
-3.369995896021524828e+01 -2.660359255472819129e+01
-3.317978366216024000e+01 -4.058896255493164062e+01
-2.971305004755656043e+01 -2.304244232177734375e+01
-3.095927111307780066e+01 -3.872371546427408617e+01
-3.638148419062296313e+01 -3.096140352884928504e+01
-3.585583511988321703e+01 -3.744555536905924242e+01
-3.249345286687215406e+01 -4.190753936767578125e+01
-3.255700810750325758e+01 -3.021938896179199219e+01
-3.582621669769287109e+01 -1.841091537475585938e+01
-2.326131375630696496e+01 -3.305862935384114820e+01
-2.868767340977986535e+01 -2.045945103963216027e+01
-2.168132877349853516e+01 -1.914736175537109375e+01
-2.942444086074829102e+01 -3.589787673950195312e+01
-3.729949871699015063e+01 -2.955575815836588660e+01
-3.070163917541503906e+01 -3.977074050903320312e+01
-3.685236136118570727e+01 -2.533855883280436316e+01
-3.164132404327392578e+01 -3.628017807006835938e+01
-3.763833999633789062e+01 -3.851081466674804688e+01
-4.240581035614013672e+01 -4.245631281534830492e+01
-2.543018802007039270e+01 -3.362246449788411695e+01
-3.525660165150960523e+01 -3.816943359375000000e+01
-4.165002981821695727e+01 -3.213677978515625000e+01
-3.668247985839843750e+01 -4.338029352823892992e+01
-4.057077376047769945e+01 -4.518439992268880445e+01
-2.990499305725097656e+01 -2.064763323465983191e+01
-2.635837507247924805e+01 -2.517428143819173059e+01
-2.848176018397013465e+01 -3.221182123819986742e+01
-3.216314284006754320e+01 -3.610854339599609375e+01
-3.916332976023355883e+01 -2.316393089294433594e+01
-3.031355937321980676e+01 -3.018871943155924598e+01
-2.468389097849528113e+01 -3.127219708760579309e+01
-2.883314545949300012e+01 -2.510193634033203125e+01
-2.957839091618855676e+01 -3.431513722737630445e+01
-3.385021797815958422e+01 -2.173176892598469934e+01
-2.547977399826049805e+01 -1.389146931966145893e+01
-2.122504003842671594e+01 -3.389338938395182055e+01
-3.349701849619547289e+01 -2.525801785786946496e+01
-3.112647215525309363e+01 -3.108087158203125000e+01
-4.043964258829752367e+01 -3.572323862711588305e+01
-3.750074513753255445e+01 -3.126573053995768348e+01
-2.044109193483988562e+01 -2.492348734537760535e+01
-2.909041039148966590e+01 -3.429240798950195312e+01
-3.643624687194824219e+01 -4.338820266723632812e+01
-3.541859149932861328e+01 -2.967396481831868371e+01
-3.715151453018188477e+01 -4.029272715250650805e+01
-4.257711569468180102e+01 -3.788992691040039062e+01
-3.717872476577758789e+01 -3.989587020874023438e+01
-3.485109599431356031e+01 -3.737528228759765625e+01
-3.139425977071126184e+01 -3.888246536254882812e+01
-3.276096089680989820e+01 -1.473662853240966797e+01
-2.036426925659179688e+01 -1.944211006164550781e+01
-2.848242648442586145e+01 -3.259965006510416430e+01
-3.508496284484863281e+01 -3.526209259033203125e+01
-3.958251508076985914e+01 -4.101754887898763258e+01
-1.649113329251607141e+01 -1.508395036061604877e+01
-2.509057323137919226e+01 -2.626364962259928504e+01
-3.495445251464843750e+01 -3.824325815836588305e+01
-3.659287659327188891e+01 -2.972230656941731652e+01
-2.984218120574951172e+01 -3.402721913655599195e+01
-3.662611929575601977e+01 -3.533674494425455492e+01
-3.085489479700724402e+01 -2.745377667744954309e+01
-3.102440388997395715e+01 -3.612768427530924242e+01
-3.887444750467935961e+01 -2.356286811828613281e+01
-3.038659524917602539e+01 -3.046776008605957031e+01
-3.754285621643066406e+01 -2.707378323872883996e+01
-3.265325784683227539e+01 -3.712893422444661695e+01
-3.790733718872070312e+01 -3.826925150553385180e+01
-3.525008694330851000e+01 -4.046309280395507812e+01
-3.220180797576904297e+01 -1.626890945434570312e+01
-2.096886022885640344e+01 -2.343662325541178504e+01
-3.307124296824137133e+01 -3.300233713785807055e+01
-3.715764681498209399e+01 -3.814088567097982008e+01
-3.749733130137125414e+01 -4.177387873331705492e+01
-2.440016253789265832e+01 -2.688301150004069129e+01
-2.896929343541463098e+01 -2.735066541035969934e+01
-3.064747063318888465e+01 -3.192135747273762902e+01
-3.591792297363281250e+01 -4.001719665527343750e+01
-4.226755396525064867e+01 -4.134071604410807055e+01
-4.021192582448323805e+01 -4.188984807332357008e+01
-4.076082070668538648e+01 -2.560426902770996094e+01
-3.090718619028727332e+01 -2.883320109049479285e+01
-3.313837369283040601e+01 -3.608698272705078125e+01
-3.532925828297933180e+01 -4.119989395141601562e+01
-3.711228688557942945e+01 -3.160375595092773438e+01
-3.008381160100300988e+01 -3.457727177937825758e+01
-3.709759378433227539e+01 -4.287130991617838305e+01
-3.172253561019897461e+01 -3.982725270589192945e+01
-3.830484040578206617e+01 -3.249721908569335938e+01
-3.228673426310221117e+01 -3.404581960042317945e+01
-3.898733393351236742e+01 -2.916554514567057410e+01
-3.072346750895182410e+01 -2.347582626342773438e+01
-2.915807215372721473e+01 -3.307673199971517164e+01
-2.884723043441772461e+01 -2.362014389038085938e+01
-3.394850301742553711e+01 -4.175491078694661695e+01
-3.372447077433267992e+01 -2.997676340738932410e+01
-3.221131849288940430e+01 -3.229110018412271899e+01
-3.666425577799478930e+01 -4.016082636515299242e+01
-3.648101250330606860e+01 -2.443505795796712121e+01
-3.219946304957071703e+01 -3.361041386922200758e+01
-3.151127560933430871e+01 -2.211277198791503906e+01
-2.934758631388346473e+01 -3.767130152384439867e+01
-3.543690601984659594e+01 -2.978730201721191406e+01
-2.864802185694376746e+01 -2.407037607828776160e+01
-2.021102841695149621e+01 -1.409605089823404889e+01
-2.553071657816569129e+01 -2.822089068094889441e+01
-3.146611674626668176e+01 -3.294762674967447680e+01
