# Train Val
3.607645740111669053e+00 5.928257405757904053e-01
-1.279677890241146088e+00 -2.554018815358479966e+00
-2.874383171399434556e+00 -3.069701830546061050e+00
-3.175055841604868423e+00 -3.325905005137125503e+00
-3.208672304948171128e+00 -3.311404069264729966e+00
-3.269616484642028809e+00 -3.315139293670654297e+00
-3.315043608347574722e+00 -3.261140425999959458e+00
-3.320809602737426758e+00 -3.358546972274780273e+00
-3.339393417040506851e+00 -3.401905775070190430e+00
-3.546926259994506836e+00 -3.731708367665608872e+00
-3.788109699885050308e+00 -4.032861312230427764e+00
-4.167628169059753418e+00 -4.407575766245524385e+00
-4.897173722585042022e+00 -5.407733599344889619e+00
-5.513979593912760713e+00 -5.425605773925781250e+00
-5.578915834426879883e+00 -5.820500850677490234e+00
-5.693457802136738799e+00 -6.009326140085856416e+00
-5.789307991663615205e+00 -5.534238974253336885e+00
-5.559414267539978027e+00 -5.616668224334716797e+00
-5.626224478085835479e+00 -5.639668146769206025e+00
-5.678846836090087891e+00 -5.771350542704264619e+00
-5.766222993532816865e+00 -5.814340909322102569e+00
-5.845921834309895537e+00 -5.843833287556965850e+00
-5.864986062049865723e+00 -5.899345239003499053e+00
-5.846831281979878447e+00 -5.679444471995036103e+00
-5.817888776461283662e+00 -6.116060098012288115e+00
-5.867087244987487793e+00 -6.218478520711262725e+00
-5.887777884801228545e+00 -6.130139986673991181e+00
-5.896840651830037139e+00 -6.110957940419514678e+00
-6.017554998397827148e+00 -5.737610816955566406e+00
-5.839140534400939941e+00 -6.097724755605061553e+00
-5.951700290044148467e+00 -5.863127708435058594e+00
-5.986980875333149932e+00 -5.851188023885090850e+00
-5.953539093335469268e+00 -5.844912528991699219e+00
-5.964271585146586396e+00 -5.901684761047363281e+00
-6.112330516179402373e+00 -6.243432203928629853e+00
-5.981066346168518066e+00 -5.992588996887207031e+00
-6.100533008575439453e+00 -5.201882203420002959e+00
-5.734619220097859404e+00 -6.016715526580810547e+00
-6.019608298937479951e+00 -6.083042303721110322e+00
-6.333081285158793428e+00 -6.243090470631917022e+00
-6.382257382074992158e+00 -5.372365951538085938e+00
-6.155042012532551787e+00 -5.369955857594807647e+00
-6.132085680961608887e+00 -5.513252735137939453e+00
-6.434785723686218262e+00 -5.806016921997070312e+00
-6.736793994903564453e+00 -5.874652067820231416e+00
-6.567770838737487793e+00 -5.800348599751790069e+00
-6.634539683659871123e+00 -5.993405342102050781e+00
-6.639041264851887725e+00 -5.769715468088786103e+00
-6.452437639236450195e+00 -6.194688955942790010e+00
-6.755344351132710479e+00 -6.189356327056884766e+00
-7.040432095527648926e+00 -5.321783542633056641e+00
-6.156957864761352539e+00 -4.587637265523274444e+00
-6.140801787376403809e+00 -6.187475681304931641e+00
-6.847760955492655732e+00 -6.096075693766276338e+00
-6.988674004872639678e+00 -5.778043111165364287e+00
-7.022638519605000518e+00 -5.672181447347004912e+00
-6.482644478480021455e+00 -6.175554593404133819e+00
-6.817977348963419892e+00 -5.752037843068440459e+00
-7.100392341613769531e+00 -5.908701260884602569e+00
-7.205492417017619111e+00 -5.733863194783528350e+00
-7.229063630104064941e+00 -5.766536712646484375e+00
-7.409846623738606475e+00 -5.695472558339436553e+00
-7.192136883735656738e+00 -5.462405999501545928e+00
-7.163000226020812988e+00 -5.698645353317260742e+00
-6.779114842414855957e+00 -6.146396001180012725e+00
-7.597932060559590361e+00 -5.696841875712077119e+00
-7.685202916463215850e+00 -5.810091336568196319e+00
-7.781108061472575166e+00 -6.085395495096842744e+00
-7.073401927947998047e+00 -5.723195393880208037e+00
-7.723757306734721162e+00 -5.967112382253010772e+00
-7.828268210093180635e+00 -5.663592894872029326e+00
-7.337212522824605010e+00 -5.991819063822428681e+00
-8.035064975420633360e+00 -5.502790133158366181e+00
-8.099310159683227539e+00 -5.977760950724284150e+00
-7.062325080235798858e+00 -6.299527804056803681e+00
-7.523699919382731416e+00 -6.552387714385986328e+00
-8.448897083600362734e+00 -5.133256276448567412e+00
-8.319798310597738222e+00 -6.478516578674316406e+00
-8.437202612559000059e+00 -6.291524569193522431e+00
-9.072583715120950743e+00 -6.644793987274169922e+00
-8.796144286791482969e+00 -5.982425212860107422e+00
-8.491358518600463867e+00 -6.066744168599446319e+00
-8.755700667699178652e+00 -4.128219207127888701e+00
-8.165398677190145449e+00 -6.993393580118815400e+00
-8.794977585474649473e+00 -5.889902432759602569e+00
-7.594416022300720215e+00 -6.815288861592610381e+00
-8.020904421806335449e+00 -6.950724124908447266e+00
-9.129354556401571230e+00 -6.949423154195149444e+00
-9.664982636769613222e+00 -7.749260107676188447e+00
-9.830181916554769472e+00 -6.159803549448649385e+00
-9.944314757982889219e+00 -7.860895792643229463e+00
-1.014216979344685932e+01 -6.842585404713948272e+00
-9.646869142850240664e+00 -3.931388696034749497e+00
-7.367326815923054717e+00 -6.371266841888427734e+00
-8.917316476504007383e+00 -8.127329667409261660e+00
-9.412827769915262266e+00 -2.077735821406046401e+00
-4.612015138069788911e+00 -5.326115449269612334e+00
-6.335479617118835449e+00 -7.114239533742268584e+00
-7.845246632893879912e+00 -7.702914396921793916e+00
-9.567496299743652344e+00 -7.026930014292399385e+00
-1.016680590311686139e+01 -7.687800884246826172e+00
-9.839348912239074707e+00 -7.810294310251872041e+00
-1.038946278889974018e+01 -8.719696998596191406e+00
-9.780306061108907656e+00 -8.754434267679849668e+00
-1.012454231580098529e+01 -9.572059313456216856e+00
-1.145958216985066791e+01 -7.210956891377766631e+00
-1.053830111026763916e+01 -8.511181513468423887e+00
-1.034494527180989643e+01 -9.781153996785482363e+00
-1.169320408503214459e+01 -1.030680147806803326e+01
-1.037121248245239258e+01 -3.088236729303995620e+00
-6.097858200470606782e+00 -6.745598793029785156e+00
-9.067936102549234434e+00 -9.856252670288085938e+00
-9.475098172823587461e+00 -5.672909259796142578e+00
-1.104500246047973633e+01 -8.967273076375326113e+00
-1.068526152769724469e+01 -6.656899770100911162e+00
-9.607971072196960449e+00 -9.993728955586751894e+00
-1.111709300676981549e+01 -8.472320238749185606e+00
-1.108124955495198627e+01 -6.985488255818684600e+00
-1.002149808406829834e+01 -7.531914075215657256e+00
-1.099786559740702252e+01 -9.244277795155843691e+00
-1.078822326660156250e+01 -1.060096327463785748e+01
-1.048086071014404297e+01 -9.208437919616699219e+00
-1.206176360448201557e+01 -9.919480005900064512e+00
-1.165156590938568115e+01 -1.128561846415201764e+01
-9.109066009521484375e+00 -7.311929543813069365e+00
-9.776654839515686035e+00 -1.001002566019693951e+01
-1.215556597709655762e+01 -7.801766872406005859e+00
-1.186426313718160053e+01 -1.108107344309488873e+01
-1.270565954844156842e+01 -6.740946928660075166e+00
-1.147946365674336811e+01 -1.031575552622477154e+01
-1.159372973442077637e+01 -1.084387811024983783e+01
-1.165327167510986328e+01 -1.081847604115804096e+01
-8.953575889269510313e+00 -8.167843818664550781e+00
-1.133352772394816022e+01 -1.064675680796305279e+01
-1.209642763932546039e+01 -7.766590913136799834e+00
-1.287420860926310162e+01 -1.147795136769612689e+01
-1.115125644207000732e+01 -3.304262002309163559e+00
-8.109843889872232481e+00 -7.626228809356689453e+00
-1.112683145205179791e+01 -1.140568955739339252e+01
-1.269194372495015521e+01 -7.018154939015706084e+00
-1.107009474436441998e+01 -1.041539128621419330e+01
-1.136057229836781879e+01 -7.893348058064778350e+00
-9.050439993540445371e+00 -8.550076484680175781e+00
-1.066406496365865131e+01 -1.036766751607259174e+01
-1.290797408421834369e+01 -1.178095213572184186e+01
-1.371528919537862201e+01 -1.042572339375813861e+01
-1.204617436726888080e+01 -9.999565442403158144e+00
-1.281891234715779682e+01 -9.128805319468179746e+00
-1.003546845912933350e+01 -7.686315695444743135e+00
-1.139764388402303119e+01 -9.505965232849121094e+00
-1.340845664342244525e+01 -1.149238268534342389e+01
-6.961123387018839814e+00 -3.939639647801717270e+00
-8.393520971139272646e+00 -9.065499623616537050e+00
-1.136821484565734863e+01 -9.480278015136718750e+00
-1.346506857872009277e+01 -1.104415829976399799e+01
-1.324008258183797260e+01 -9.469451109568277403e+00
-1.195059871673583984e+01 -1.167198467254638672e+01
-1.291900912920633893e+01 -1.028932634989420514e+01
-1.228789472579956055e+01 -1.166562779744466205e+01
-1.361578154563903809e+01 -1.007937431335449219e+01
-1.018582773208618164e+01 -1.173865699768066406e+01
-1.177645762761433978e+01 -1.067949422200520893e+01
-1.231468399365743061e+01 -1.097523180643717389e+01
-1.238171569506327252e+01 -1.004858398437500000e+01
-1.371936472256978412e+01 -1.179210217793782611e+01
-1.418664622306823730e+01 -1.198688157399495502e+01
-1.430198868115743061e+01 -1.182485326131184955e+01
-1.097460381189982037e+01 -7.909858703613281250e+00
-1.184777887662251850e+01 -8.817981719970703125e+00
-1.080019025007883648e+01 -9.081704298655191465e+00
-1.126026868820190430e+01 -1.047208054860433002e+01
-1.388645863533020020e+01 -1.179375712076822857e+01
-1.452170523007710834e+01 -1.191247908274332623e+01
-1.317171168327331543e+01 -1.086122035980224609e+01
-1.168615825970967670e+01 -1.113977686564127545e+01
-1.273138991991678814e+01 -1.184059619903564453e+01
-1.319509164492289166e+01 -1.185785261789957623e+01
-1.348879067103067975e+01 -1.268256632486979107e+01
-1.396115612983703613e+01 -1.053416315714518170e+01
-1.281479334831237793e+01 -1.197806390126546283e+01
-1.447928126653035541e+01 -1.167336146036783795e+01
-9.859986225763956114e+00 -6.684540112813313506e+00
-1.095701313018798828e+01 -1.084280014038085938e+01
-1.270673799514770508e+01 -1.149886099497477154e+01
-1.365949249267578125e+01 -1.209136740366617779e+01
-1.416759220759073834e+01 -1.225370534261067768e+01
-1.096772547562917133e+01 -8.624243736267089844e+00
-1.279292297363281250e+01 -1.271028614044189453e+01
-1.351647233963012695e+01 -1.141615835825602154e+01
-1.339036830266316791e+01 -1.073378403981526752e+01
-1.220533307393391986e+01 -1.254207388559977154e+01
-1.422206131617228131e+01 -1.159151649475097656e+01
-1.256322002410888672e+01 -9.855448087056478457e+00
-1.176999664306640625e+01 -1.021805222829183002e+01
-1.331170050303141217e+01 -7.718262513478596709e+00
-1.112746075789133648e+01 -9.084884961446126894e+00
-1.215177106857299805e+01 -1.171001243591308594e+01
-1.366922211647033691e+01 -1.123138618469238281e+01
-1.134064658482869525e+01 -1.082128016153971295e+01
-1.318537457784016986e+01 -1.034056250254313092e+01
-1.415000486373901367e+01 -9.671754201253255800e+00
-1.462806900342305561e+01 -1.182953453063964844e+01
-1.374532922108968158e+01 -1.171840858459472656e+01
-1.389337150255838971e+01 -1.227292569478352924e+01
-1.401535518964131732e+01 -1.236661052703857422e+01
-1.369946479797363281e+01 -1.200974527994791607e+01
-1.422197779019673725e+01 -1.018000825246175189e+01
-1.403015502293904682e+01 -1.296620496114095111e+01
-1.373468399047851562e+01 -9.468033790588378906e+00
-1.346254801750183105e+01 -1.289733664194742779e+01
-1.462984490394592285e+01 -1.151669661204020123e+01
-1.379712978998819928e+01 -6.964143594106038115e+00
-1.166516256332397461e+01 -1.099722035725911518e+01
-1.353168630599975586e+01 -1.090680027008056641e+01
-1.285414703687032123e+01 -9.214441299438476562e+00
-1.287974675496419330e+01 -1.164569028218587299e+01
-1.382041430473327637e+01 -1.146828746795654297e+01
-1.479454263051350971e+01 -1.219126160939534564e+01
-1.533589156468709369e+01 -1.158546384175618549e+01
-1.572174056371053119e+01 -1.164377085367838482e+01
-1.522700993220011334e+01 -1.210366725921630859e+01
-1.441344022750854492e+01 -1.073792044321695904e+01
-1.489519087473551373e+01 -1.056010278065999408e+01
-1.202040235201517682e+01 -8.176021893819173769e+00
-1.317040594418843646e+01 -1.102522150675455670e+01
-1.424918437004089355e+01 -1.138664627075195312e+01
-1.433893013000488281e+01 -1.249816036224365234e+01
-1.571718867619832416e+01 -1.163058789571126361e+01
-1.264578096071879010e+01 -1.025122896830240826e+01
-1.380339193344116211e+01 -1.192244116465250592e+01
-1.409248304367065430e+01 -1.184640820821126361e+01
-1.473352758089701275e+01 -1.203032112121582031e+01
-1.472159536679585834e+01 -1.264395904541015625e+01
-1.542304166158040424e+01 -1.105444908142089844e+01
-1.344223117828369141e+01 -1.283766778310140033e+01
-1.498389768600463867e+01 -8.916996002197265625e+00
-1.040518669287363629e+01 -9.434572537740072207e+00
-1.139930176734924316e+01 -9.896756490071615175e+00
-1.396895980834960938e+01 -1.066355292002359967e+01
-1.502908595403035541e+01 -1.122622966766357422e+01
-1.588082345326741596e+01 -1.226179567972818951e+01
-1.458627931276957135e+01 -1.160323174794515033e+01
-1.406962100664774518e+01 -1.015262254079183002e+01
-1.195314470926920514e+01 -1.047692076365152936e+01
-1.336661028861999512e+01 -1.048051007588704486e+01
-1.311613337198893170e+01 -1.192321141560872455e+01
-1.446606286366780658e+01 -1.225062433878580670e+01
-1.573563790321350098e+01 -1.136211713155110736e+01
-1.331060894330342670e+01 -1.187986946105957031e+01
-1.349945147832234760e+01 -1.255688762664794922e+01
-1.518672545750935932e+01 -8.842300415039062500e+00
-1.422404861450195312e+01 -1.203660519917806049e+01
-1.532637794812520404e+01 -1.228448549906412701e+01
-1.513425326347351074e+01 -1.107108275095621686e+01
-1.585172907511393170e+01 -1.230037593841552734e+01
-1.568734312057495117e+01 -1.139010270436604877e+01
-1.493983546892801861e+01 -1.071942742665608783e+01
-1.517900419235229492e+01 -1.118652947743733783e+01
-1.457164692878723145e+01 -9.720318158467611269e+00
-1.270592069625854492e+01 -1.074759896596272846e+01
-1.443364508946736713e+01 -1.203674825032552143e+01
-1.475260631243387799e+01 -1.076448853810628314e+01
-1.598709726333618164e+01 -1.211512406667073627e+01
-1.571012282371520996e+01 -1.203416633605957031e+01
-1.532442863782246967e+01 -1.144025993347167969e+01
-1.492291657129923443e+01 -7.341969172159831025e+00
-1.414708336194356342e+01 -1.187295468648274799e+01
-1.492668143908182721e+01 -1.053101507822672467e+01
-1.502385385831197162e+01 -1.088015778859456439e+01
-1.558321046829223633e+01 -1.188591893513997455e+01
-1.646565381685892859e+01 -1.018427785237630268e+01
-1.502762118975321393e+01 -1.248955663045247455e+01
-1.623304716746012488e+01 -1.214425468444824219e+01
-1.545462187131245990e+01 -1.210433483123779297e+01
-1.666532190640767297e+01 -1.216544691721598248e+01
-1.648524498939514160e+01 -9.187875111897787050e+00
-1.514926481246948242e+01 -1.239299837748209576e+01
-1.416540940602620502e+01 -1.222030448913574219e+01
-1.625465710957844934e+01 -1.235555203755696674e+01
-1.663253609339396277e+01 -1.223321406046549420e+01
-1.523928896586100201e+01 -1.014032046000162701e+01
-1.597186930974324603e+01 -1.077002620697021484e+01
-1.523411059379577637e+01 -1.243884817759195904e+01
-1.583008138338724713e+01 -1.249630165100097656e+01
-1.303566718101501465e+01 -7.864543437957763672e+00
-1.275812975565592389e+01 -1.097223663330078125e+01
-1.387262980143229107e+01 -1.216929467519124408e+01
-1.542708102862040143e+01 -1.145079867045084576e+01
-1.472772558530171771e+01 -1.239010047912597656e+01
-1.602202510833740234e+01 -1.054645442962646484e+01
-1.654085763295491418e+01 -1.248024559020996094e+01
-1.769861793518066406e+01 -1.211761379241943359e+01
-1.592783689498901367e+01 -1.229800923665364643e+01
-1.342941045761108398e+01 -5.942044099171956084e+00
-1.190662447611490826e+01 -1.118170992533365826e+01
-1.555439368883768658e+01 -1.225221792856852154e+01
-1.620581873257954797e+01 -1.085267098744710346e+01
-1.553922605514526367e+01 -1.103632577260335346e+01
-1.675999609629313269e+01 -1.268571631113688092e+01
-1.759661706288655481e+01 -1.207024097442626953e+01
-1.659716240564982215e+01 -1.191473706563313861e+01
-1.342156346638997455e+01 -9.039957364400228457e+00
-1.348588617642720600e+01 -9.853159904479980469e+00
-1.570497171084086041e+01 -1.221969604492187500e+01
-1.765420436859130859e+01 -1.024305280049641986e+01
-1.540839012463887592e+01 -1.136714744567871094e+01
-1.727992502848307410e+01 -1.206899197896321674e+01
-1.744805049896240234e+01 -1.155957158406575580e+01
-1.660501241683959961e+01 -1.224243577321370502e+01
-1.696084713935852051e+01 -1.165033404032389264e+01
-1.460624631245931049e+01 -1.088728618621826172e+01
-1.675079329808552941e+01 -1.212737051645914654e+01
-1.631683278083801270e+01 -1.197184499104817768e+01
-1.696265419324238977e+01 -1.193852233886718750e+01
-1.658854150772094727e+01 -1.074703534444173236e+01
-1.728551069895426551e+01 -1.198281478881835938e+01
-1.702157243092854699e+01 -1.098730119069417377e+01
-1.725783340136210242e+01 -1.148429775238037109e+01
-1.549713532129923443e+01 -1.128018188476562500e+01
-1.621781921386718750e+01 -1.193299738566080670e+01
-1.746315240859985352e+01 -1.171121978759765625e+01
-1.629354778925577918e+01 -1.075404961903890033e+01
-1.515350731213887592e+01 -1.254295889536539654e+01
-1.619034075736999512e+01 -1.134205627441406250e+01
-1.724556024869282922e+01 -1.203541342417399029e+01
-1.805985736846923828e+01 -1.170312309265136719e+01
-1.512282609939575195e+01 -1.151065889994303326e+01
-1.525536600748697857e+01 -1.203736877441406250e+01
-1.693499573071797570e+01 -9.559791247049966856e+00
-1.672535729408264160e+01 -1.228856690724690814e+01
-1.732803074518839637e+01 -1.169103304545084576e+01
-1.530711809794108014e+01 -1.078942108154296875e+01
-1.657650717099507531e+01 -9.996107737223306700e+00
-1.480340552330017090e+01 -1.072278118133544922e+01
-1.688673885663350305e+01 -1.177638562520345111e+01
-1.316422557830810547e+01 -6.571619351704915069e+00
-1.231856616338094135e+01 -8.091690540313720703e+00
-1.491443943977355957e+01 -1.063827959696451764e+01
-1.381165099143981934e+01 -4.162500937779744170e+00
-9.815737565358480410e+00 -1.107245572408040424e+01
-1.580015556017557721e+01 -1.095965766906738281e+01
-1.628854807217915734e+01 -1.206370576222737689e+01
-1.684050822257995605e+01 -1.147876358032226562e+01
-1.661091764767964563e+01 -1.203350957234700580e+01
-1.737384748458862305e+01 -1.242574882507324219e+01
-1.768070236841837684e+01 -1.225557327270507812e+01
-1.792872182528178016e+01 -1.082357311248779297e+01
-1.635705105463663855e+01 -1.176855723063150982e+01
-1.670954330762227258e+01 -1.204354604085286518e+01
-1.514360515276590924e+01 -9.860943476359048887e+00
-1.541777308781941791e+01 -1.118019008636474609e+01
-1.608557391166687012e+01 -8.254985650380453066e+00
-1.547605888048807721e+01 -1.086454296112060547e+01
-1.648594856262207031e+01 -1.119626744588216205e+01
-1.757149481773376465e+01 -9.887839635213216738e+00
-1.469327322642008404e+01 -1.238727188110351562e+01
-1.611029624938964844e+01 -1.154191366831461529e+01
-1.717657311757405481e+01 -1.145693270365397076e+01
-1.756547252337137976e+01 -1.096485964457193951e+01
-1.678062621752421180e+01 -1.154793993631998639e+01
-1.631017454465230188e+01 -1.205624707539876361e+01
-1.173171925544738770e+01 -8.876415888468423887e+00
-1.476501806577046771e+01 -1.190454832712809186e+01
-1.735005664825439453e+01 -1.181984551747640033e+01
-1.544950079917907715e+01 -9.512199719746908144e+00
-1.472467517852783203e+01 -8.863822778065999941e+00
-1.624746433893839637e+01 -1.183623345692952533e+01
-1.919720395406087121e+01 -1.180782063802083393e+01
-1.901487922668457031e+01 -1.247250747680664062e+01
-1.780964819590250769e+01 -1.183491961161295514e+01
-1.751639254887898645e+01 -1.055146312713623047e+01
-1.609242248535156250e+01 -1.223036829630533795e+01
-1.748021364212036133e+01 -1.063554414113362689e+01
-1.751742307345072547e+01 -9.450476964314779238e+00
-1.575683140754699707e+01 -1.033867009480794330e+01
-1.589300632476806641e+01 -1.205922953287760357e+01
-1.486259969075520893e+01 -1.125847911834716797e+01
-1.574795778592427631e+01 -1.204404513041178326e+01
-1.708733685811360559e+01 -1.036487642923990826e+01
-1.699651813507080078e+01 -1.159501806894938092e+01
-1.697383960088093957e+01 -1.119423993428548236e+01
-1.660432163874308387e+01 -1.013044007619222064e+01
-1.819401995340983191e+01 -1.139438692728678326e+01
-1.726179091135660926e+01 -1.099412504831949811e+01
-1.811472686131795129e+01 -1.131979783376058002e+01
-1.852068789800008020e+01 -1.139664204915364643e+01
-1.924361737569173059e+01 -1.145489311218261719e+01
-1.889612722396850586e+01 -1.172866884867350201e+01
-1.803030411402384559e+01 -1.101259326934814453e+01
-1.330968634287516217e+01 -1.108763980865478516e+01
-1.502237502733866314e+01 -1.047990830739339252e+01
-1.698209659258524695e+01 -1.166615231831868549e+01
-1.707859746615092078e+01 -1.075412877400716205e+01
-1.719708474477132043e+01 -1.044406064351399799e+01
-1.819031127293904504e+01 -1.139726924896240234e+01
-1.691262467702229699e+01 -1.180610847473144531e+01
-1.728981765111287316e+01 -1.173553339640299420e+01
-1.735589035352071008e+01 -1.028137556711832623e+01
-1.728184374173482141e+01 -1.124934832255045514e+01
-1.556793578465779682e+01 -7.617168108622233369e+00
-9.342031717300415039e+00 -9.407447814941406250e+00
-1.249869322776794434e+01 -1.178201039632161518e+01
-1.511935718854268451e+01 -1.011379305521647076e+01
-1.746297661463419715e+01 -1.144346586863199811e+01
-1.864915752410888672e+01 -1.139758237202962299e+01
-1.723577857017517090e+01 -1.119623184204101562e+01
-1.881353282928466797e+01 -1.212291526794433594e+01
-1.904238700866699219e+01 -1.173971303304036518e+01
-1.893717797597249231e+01 -1.181255149841308594e+01
-1.920448589324951172e+01 -1.157764816284179688e+01
-1.600124144554138184e+01 -1.148790295918782611e+01
-1.771697664260864258e+01 -1.134522883097330670e+01
-1.863902457555134973e+01 -1.117372639973958393e+01
-1.896850252151489258e+01 -1.127109845479329486e+01
-1.678619917233784875e+01 -1.123805014292399029e+01
-1.798701492945353309e+01 -1.132091299692789654e+01
-1.563655861218770404e+01 -1.015754127502441406e+01
-1.483146691322326660e+01 -9.444587389628091856e+00
-1.570016956329345703e+01 -1.000076357523600201e+01
-1.726097623507181922e+01 -1.173245938618977924e+01
-1.726906728744506836e+01 -1.075613753000895123e+01
-1.865253496170043945e+01 -1.157741451263427734e+01
-1.610908834139506141e+01 -9.920101165771484375e+00
-1.521358688672383686e+01 -1.021608702341715436e+01
-1.674666190147399902e+01 -1.096760463714599609e+01
-1.784436718622843543e+01 -9.750858624776205019e+00
-1.640600403149922570e+01 -1.064969317118326764e+01
-1.724461929003397742e+01 -1.132359250386556049e+01
-1.802376174926757812e+01 -1.180085786183675189e+01
-1.872083910306294641e+01 -8.746873855590820312e+00
-1.373618944485982318e+01 -1.161333211263020893e+01
-1.234657410780588727e+01 -9.023530006408691406e+00
-1.586973786354064941e+01 -1.109794998168945312e+01
-1.860118166605631629e+01 -1.160382938385009766e+01
-1.896497599283854285e+01 -1.044442812601725201e+01
-1.684077509244282922e+01 -1.084837309519449811e+01
-1.680963365236918250e+01 -1.060933526357015033e+01
-1.704371674855550012e+01 -1.075675233205159564e+01
-1.828478940327962121e+01 -1.176591110229492188e+01
-1.721317084630330285e+01 -1.015689563751220703e+01
-1.713936893145243445e+01 -1.112621815999349018e+01
-1.612088473637898645e+01 -8.767966270446777344e+00
-1.482500386238098145e+01 -1.133579858144124408e+01
-1.695786595344543457e+01 -9.725948333740234375e+00
-1.817220759391784668e+01 -1.070449034372965436e+01
-1.816657360394795617e+01 -9.905440330505371094e+00
-1.365360792477925678e+01 -7.960845947265625000e+00
-1.531956211725870709e+01 -1.174121761322021484e+01
-1.695772544542948523e+01 -1.106770642598470111e+01
-1.805156453450520715e+01 -1.192323748270670514e+01
-1.666178846359252930e+01 -9.452254931131998106e+00
-1.566728234291076660e+01 -9.517886479695638613e+00
-1.764563997586568078e+01 -1.034776560465494732e+01
-1.648764419555664062e+01 -1.154751046498616596e+01
-1.650316365559895715e+01 -1.127617009480794330e+01
-1.805478882789611816e+01 -1.134545675913492779e+01
-1.781931940714518348e+01 -1.095486195882161518e+01
-1.923921982447306434e+01 -1.136605517069498639e+01
-1.957813596725463867e+01 -1.111307621002197266e+01
-1.853981876373291016e+01 -1.172405529022216797e+01
-1.895421981811523438e+01 -1.141721312204996686e+01
-1.734543379147847375e+01 -1.135706488291422467e+01
-1.534909248352050781e+01 -9.669781366984048887e+00
-1.695405125617980957e+01 -1.144141260782877545e+01
-1.844566027323405066e+01 -1.047622807820638080e+01
-1.746593793233235559e+01 -1.098271942138671875e+01
-1.991640742619832238e+01 -1.066081714630126953e+01
-1.619865059852600098e+01 -9.526868502298990293e+00
-1.594823503494262695e+01 -1.187489795684814453e+01
-1.801888028780619422e+01 -1.112708600362141986e+01
-1.739827593167622766e+01 -1.125434462229410748e+01
-1.817842229207356652e+01 -1.134278424580891986e+01
-1.950338300069173059e+01 -9.599909782409667969e+00
-1.443612853686014752e+01 -1.141328907012939453e+01
-1.482997131347656250e+01 -9.990778923034667969e+00
-1.314177687962849994e+01 -1.130276743570963482e+01
-1.217790027459462543e+01 -8.152802785237630800e+00
-1.695216711362202844e+01 -1.119950389862060547e+01
-1.776654283205668250e+01 -1.015015316009521484e+01
-1.876928440729777137e+01 -1.173689047495524029e+01
-1.923318592707316199e+01 -1.053409036000569721e+01
-1.604773211479187012e+01 -1.113758691151936908e+01
-1.927939049402872840e+01 -1.056929969787597656e+01
-1.954829772313435754e+01 -1.179493999481201172e+01
-1.913135194778442383e+01 -1.110702896118164062e+01
-1.949161195755004883e+01 -1.127008120218912701e+01
-1.801739835739135742e+01 -1.051644738515218158e+01
-1.883814207712809363e+01 -1.135265572865804096e+01
-1.852693446477254113e+01 -1.110804971059163471e+01
-1.696069971720377723e+01 -9.702153523763021425e+00
-1.444080591201782227e+01 -1.100813643137613873e+01
-1.856257645289103309e+01 -1.091110197703043561e+01
-1.821995766957600793e+01 -1.142391649881998639e+01
-1.403916565577189068e+01 -1.036773586273193359e+01
-1.736479775110880652e+01 -1.148991934458414654e+01
-1.885163267453511438e+01 -1.012811660766601562e+01
-1.655309700965881348e+01 -1.143783505757649799e+01
-1.812965671221415320e+01 -1.123016198476155658e+01
-1.917604827880859375e+01 -1.111419169108072857e+01
-1.887644926706949988e+01 -1.060178184509277344e+01
-1.925099134445190430e+01 -1.107702350616455078e+01
-1.697154815991719445e+01 -1.102746327718099018e+01
-1.567738072077433209e+01 -1.161762587229410748e+01
-1.896571477254231652e+01 -1.150558980305989643e+01
-1.832684834798176965e+01 -1.036053403218587299e+01
-1.832577943801879883e+01 -1.125643603006998639e+01
-1.852132908503214637e+01 -1.030259990692138672e+01
-1.692645788192749023e+01 -1.088244946797688861e+01
-1.962368853886922082e+01 -1.175630442301432232e+01
-1.890458742777506629e+01 -1.015415795644124408e+01
-1.755754701296488562e+01 -1.070770772298177143e+01
-1.844547756512959680e+01 -1.017368634541829486e+01
-1.720143644014994422e+01 -1.026142628987630268e+01
-1.850201924641926965e+01 -1.161968485514322857e+01
-1.895327703158060828e+01 -1.056138801574707031e+01
-1.319526998202005963e+01 -1.085443623860677143e+01
-1.587851889928182025e+01 -9.547965367635091738e+00
-1.722768386205037316e+01 -1.079034042358398438e+01
-1.842650826772053918e+01 -1.080511728922525982e+01
-1.939768091837565223e+01 -9.913404146830240293e+00
-1.668711543083190918e+01 -9.246802012125650450e+00
-1.451719133059183697e+01 -8.551707108815511660e+00
-1.755045604705810547e+01 -1.099012311299641986e+01
-1.702281188964843750e+01 -9.658276557922363281e+00
-1.766954064369201660e+01 -1.090303834279378314e+01
-1.588799722989400287e+01 -8.283135732014974550e+00
-1.788761377334594727e+01 -1.051189422607421875e+01
-1.834139204025268555e+01 -1.072080612182617188e+01
-1.782429313659667969e+01 -1.008595387140909772e+01
-1.885839605331420898e+01 -1.078330198923746686e+01
-1.960102065404256066e+01 -1.117182540893554688e+01
-1.780987183252970496e+01 -9.281626701354980469e+00
-1.008542295296986957e+01 -2.765079100926717270e+00
-1.016148761908213238e+01 -8.239076296488443418e+00
-1.602320988972981652e+01 -1.115166505177815814e+01
-2.053751643498738488e+01 -1.104661877950032611e+01
-1.877936236063639441e+01 -9.841499328613281250e+00
-1.868631998697916785e+01 -1.157204119364420514e+01
-2.043247969945271691e+01 -9.561479886372884707e+00
-1.813835032780965051e+01 -1.103986072540283203e+01
-1.714789636929829797e+01 -1.073465696970621686e+01
-1.729428950945536414e+01 -1.033243815104166607e+01
-1.898942073186238488e+01 -1.124162356058756451e+01
-1.910622628529866418e+01 -1.079535102844238281e+01
-1.714653380711873254e+01 -1.105779870351155658e+01
-1.522954360644022564e+01 -1.119883791605631451e+01
-1.668836959203084191e+01 -1.061100769042968750e+01
-1.582932718594869037e+01 -9.661230405171712832e+00
-1.910399405161539832e+01 -1.047140026092529297e+01
-1.958947340647379676e+01 -1.101595815022786518e+01
-1.934143924713134766e+01 -1.060044066111246686e+01
-1.997095330556233606e+01 -1.100289948781331439e+01
-2.026362307866414270e+01 -1.073859882354736328e+01
-1.875697580973307410e+01 -1.046923828125000000e+01
-1.892876704533894738e+01 -1.140082200368245502e+01
-2.064384285608927527e+01 -1.102437941233316998e+01
-1.684560672442118445e+01 -1.108116467793782611e+01
-1.885432147979736328e+01 -1.158753045399983783e+01
-1.684757391611735144e+01 -1.123797480265299420e+01
-1.623770610491434851e+01 -9.604109446207681700e+00
-1.838995536168416223e+01 -1.067824331919352154e+01
-2.007151619593302527e+01 -1.130766487121582031e+01
-1.966164016723632812e+01 -1.147948678334554096e+01
-1.969367376963297644e+01 -1.129974206288655658e+01
-1.959050639470418176e+01 -1.077472941080729107e+01
-1.996078236897786340e+01 -1.007532246907552143e+01
-1.864924287796020508e+01 -1.047449620564778705e+01
-2.010197464625040809e+01 -1.127452532450358014e+01
-1.629817398389180383e+01 -8.322205384572347597e+00
-1.403171022733052631e+01 -8.889950275421142578e+00
-1.642320450146992883e+01 -1.130632527669270893e+01
-1.863912971814473352e+01 -1.131610711415608783e+01
-1.791623091697692871e+01 -9.939837455749511719e+00
-1.707615820566813269e+01 -1.099514897664388080e+01
-1.851478910446166992e+01 -1.106995805104573627e+01
-1.921821482976277551e+01 -1.085121790568033795e+01
-1.830125045776367188e+01 -1.087985483805338482e+01
-1.919640302658081055e+01 -1.113469092051188092e+01
-1.941702095667521277e+01 -1.137517134348551373e+01
-2.101518615086873254e+01 -1.070766576131184955e+01
-2.008075046539306641e+01 -1.080494117736816406e+01
-2.064171346028645715e+01 -1.121859868367513080e+01
-1.944430462519327918e+01 -1.112280082702636719e+01
-1.936796887715657434e+01 -1.145827007293701172e+01
-1.913548898696899414e+01 -9.696059862772623106e+00
-1.826856756210327148e+01 -1.060980542500813861e+01
-1.958881378173828125e+01 -1.063144842783609967e+01
-2.013943990071614465e+01 -1.033489036560058594e+01
-1.914380971590678016e+01 -1.115915902455647846e+01
-1.912958256403605262e+01 -1.071921920776367188e+01
-1.853636519114176551e+01 -1.071011892954508404e+01
-1.858013375600178918e+01 -1.088142363230387311e+01
-2.049920670191447059e+01 -1.097206401824951172e+01
-1.977698373794555664e+01 -1.091174348195393939e+01
-2.025062068303425988e+01 -1.110139338175455670e+01
-2.072499163945515832e+01 -1.129296112060546875e+01
-1.928428792953491211e+01 -1.080908711751302143e+01
-2.063082456588745117e+01 -1.073045221964518170e+01
-1.858971707026163855e+01 -1.032669671376546283e+01
-1.962015628814697266e+01 -1.027934296925862689e+01
-1.925688314437866211e+01 -1.118820730845133404e+01
-2.075719229380289832e+01 -1.118798796335856061e+01
-1.930724938710530481e+01 -1.110026868184407611e+01
-1.947863547007242957e+01 -9.803105036417642637e+00
-1.555555375417073627e+01 -9.651207923889160156e+00
-1.843565972646077356e+01 -1.075581137339274029e+01
-1.965290466944376746e+01 -1.085366185506184955e+01
-1.957301505406697473e+01 -1.102936808268229107e+01
-1.931743256251017371e+01 -1.086610412597656250e+01
-1.986424668629964074e+01 -1.037384891510009766e+01
-1.903959321975708008e+01 -1.117702356974283795e+01
-1.968902905782063684e+01 -1.088369782765706439e+01
-1.802124746640523156e+01 -1.045327663421630859e+01
-1.934255758921305457e+01 -1.096000448862711529e+01
-1.923266140619913855e+01 -1.102688757578531842e+01
-1.775475597381591797e+01 -1.086849117279052734e+01
-1.897154728571574012e+01 -1.084823544820149799e+01
-1.961089944839477539e+01 -1.099305121103922467e+01
-1.878702974319458008e+01 -1.066502952575683594e+01
-2.088959487279256066e+01 -1.119912083943684955e+01
-1.999902216593424598e+01 -1.059485816955566406e+01
-1.835810311635335168e+01 -1.113008276621500592e+01
-2.007790772120157996e+01 -1.042056814829508404e+01
-1.998516702651977539e+01 -9.239739418029785156e+00
-1.356267078717549701e+01 -1.109076499938964844e+01
-2.037753566106160363e+01 -1.090271282196044922e+01
-1.923838535944620887e+01 -1.063074588775634766e+01
-2.031621917088826379e+01 -9.911960283915201231e+00
-1.527811861038208008e+01 -8.110081990559896425e+00
-1.473629856109619141e+01 -8.370510101318359375e+00
-1.552718003590901752e+01 -1.089377307891845703e+01
-1.970989004770914832e+01 -1.095612112681070904e+01
-1.899201297760009766e+01 -9.464630762736002012e+00
-1.719403855005900184e+01 -9.316943804423013731e+00
-1.683144116401672363e+01 -9.116774559020996094e+00
-1.543604914347330670e+01 -8.920262654622396425e+00
-1.688378683725992957e+01 -1.060313638051350971e+01
-1.980183521906534949e+01 -1.072762711842854877e+01
-2.019701766967773438e+01 -1.085271517435709576e+01
-2.047568575541178504e+01 -1.078107992808024029e+01
-1.861093966166178504e+01 -1.100550810496012311e+01
-1.959682194391886512e+01 -1.093262163798014264e+01
-1.849823784828186035e+01 -1.025081125895182232e+01
-1.838076241811116418e+01 -1.039479668935140033e+01
-1.992457882563273230e+01 -1.027946949005126953e+01
-1.868920866648356238e+01 -1.090637779235839844e+01
-2.037824503580729285e+01 -1.162856070200602154e+01
-1.986442041397094727e+01 -1.083704916636149029e+01
-1.932797908782958984e+01 -1.069710731506347656e+01
-2.058643229802449426e+01 -1.047314484914143939e+01
-1.821104979515075684e+01 -8.526833534240722656e+00
-1.290384523073832135e+01 -9.076496442159017519e+00
-1.628300237655639648e+01 -1.063553841908772846e+01
-1.853945136070251465e+01 -1.083655675252278705e+01
-1.935943841934204102e+01 -1.122911961873372455e+01
-1.967524655659993371e+01 -9.400370279947916075e+00
-1.761685132980346680e+01 -1.067871665954589844e+01
-1.533976109822591205e+01 -1.142600186665852924e+01
-1.840748961766560754e+01 -1.026578903198242188e+01
-2.016215610504150391e+01 -1.099417591094970703e+01
-1.919995244344075402e+01 -1.000655492146809955e+01
-2.027792501449584961e+01 -1.055182679494222064e+01
-2.111004432042439660e+01 -1.058714803059895893e+01
-1.977306365966796875e+01 -1.150013510386149029e+01
-2.099912993113199988e+01 -9.094988187154134707e+00
-1.560521729787190814e+01 -9.694405873616537050e+00
-1.807743374506632605e+01 -1.068757025400797467e+01
-2.043530400594075402e+01 -9.696541468302408262e+00
-2.020307270685831824e+01 -1.002771250406900982e+01
-1.802479449907938758e+01 -1.076512018839518170e+01
-1.990227015813191613e+01 -1.001749388376871686e+01
-1.598101178805033307e+01 -8.537117004394531250e+00
-1.354265912373860736e+01 -9.602530161539712950e+00
-1.840206384658813477e+01 -1.092802874247233014e+01
-1.958939536412556848e+01 -9.909579277038574219e+00
-1.613382045427958289e+01 -8.624937375386556582e+00
-1.300170898437500000e+01 -1.116478824615478516e+01
-1.830625700950622559e+01 -1.083005619049072266e+01
-2.078845866521199426e+01 -1.120227146148681641e+01
-1.952526744206746301e+01 -1.003583240509033203e+01
-1.626348280906677246e+01 -9.291095097859701113e+00
-1.791670306523640832e+01 -1.019423961639404297e+01
-2.160105466842651367e+01 -1.086681207021077533e+01
-1.799244213104248047e+01 -1.071783574422200580e+01
-1.965308078130086145e+01 -1.073935794830322266e+01
-2.017552359898884973e+01 -9.557426452636718750e+00
-1.789061299959818641e+01 -8.527712821960449219e+00
-1.952273702621459961e+01 -1.028621164957682232e+01
-1.751902969678242883e+01 -1.036978594462076764e+01
-1.916053215662638465e+01 -9.301377932230630918e+00
-1.499367332458496094e+01 -9.208694458007812500e+00
-1.930541125933329383e+01 -1.005568822224934955e+01
-2.021228027343750000e+01 -1.119169712066650391e+01
-2.013806152343750000e+01 -1.034179147084554096e+01
-2.166836214065551758e+01 -1.105731137593587299e+01
-2.144797309239705285e+01 -1.073792870839436908e+01
-1.958822282155354699e+01 -8.009197870890298887e+00
-1.331753389040629010e+01 -1.013031196594238281e+01
-1.627597530682881555e+01 -9.902557055155435606e+00
-1.747947057088216027e+01 -1.070476977030436139e+01
-1.938195784886677941e+01 -9.214445432027181582e+00
-1.529510394732157330e+01 -8.049466292063394590e+00
-1.613993867238362512e+01 -1.043727429707845111e+01
-1.903654607137044152e+01 -1.077840423583984375e+01
-2.099635028839111328e+01 -1.068317349751790424e+01
-1.760407932599385461e+01 -1.017339007059733014e+01
-1.707407887776692590e+01 -7.697539806365966797e+00
-1.706832162539164344e+01 -1.065782769521077533e+01
-1.913830137252807617e+01 -1.092277113596598248e+01
