# Train Val
5.281115631262461640e+00 1.872040987014770508e+00
-4.388095910350481854e-01 -2.508067846298217773e+00
-2.721637825171152603e+00 -3.114431540171305191e+00
-3.236189484596252441e+00 -3.553198734919229995e+00
-3.681724210580190171e+00 -3.989361524581909180e+00
-4.447268684705098174e+00 -4.881986300150553681e+00
-5.776048580805460908e+00 -6.428498903910319306e+00
-6.471161564191182158e+00 -6.807120005289713838e+00
-6.792720079421997070e+00 -7.050660451253254912e+00
-6.943595568339030244e+00 -6.997931003570556641e+00
-6.982526024182637236e+00 -7.014171600341796875e+00
-6.996908187866210938e+00 -7.148696740468342803e+00
-6.968296051025390625e+00 -7.003797849019368194e+00
-6.990012645721435547e+00 -6.911344846089680694e+00
-7.013214786847432158e+00 -7.181943098704020478e+00
-7.171730319658915498e+00 -7.323048114776611328e+00
-7.217915058135986328e+00 -7.398398876190185547e+00
-7.233105580012003877e+00 -7.490513324737548828e+00
-7.274821599324543975e+00 -7.401018142700195312e+00
-7.277368108431498506e+00 -7.257675965627034209e+00
-7.347648302714030244e+00 -7.380223592122395537e+00
-7.317380865414937041e+00 -7.790660381317138672e+00
-7.396388928095499971e+00 -7.623176097869873047e+00
-7.353757858276367188e+00 -7.618640263875325225e+00
-7.336880207061767578e+00 -7.334193388621012666e+00
-7.357326467831929229e+00 -7.385926246643066406e+00
-7.404284914334614776e+00 -7.672205924987792969e+00
-7.442469437917073272e+00 -7.355971336364746094e+00
-7.385946551958720185e+00 -7.472996234893798828e+00
-7.472368677457173369e+00 -7.491412162780761719e+00
-7.428771694501240752e+00 -7.722118059794108369e+00
-7.416575590769450166e+00 -7.442765871683756806e+00
-7.459297657012939453e+00 -7.550909042358398438e+00
-7.551343162854512236e+00 -7.496861457824707031e+00
-7.477285345395405791e+00 -7.606430371602376006e+00
-7.580590724945068359e+00 -7.449013868967692353e+00
-7.544757167498270967e+00 -7.633052190144856475e+00
-7.440524975458781221e+00 -7.610573450724284150e+00
-7.443838159243266084e+00 -7.616639455159504912e+00
-7.537912567456563018e+00 -7.865286032358805635e+00
-7.549562493960062959e+00 -7.890453815460205078e+00
-7.440879106521606445e+00 -7.501495043436686494e+00
-7.397371451059977510e+00 -7.415350437164306641e+00
-7.575606266657511689e+00 -7.850187301635742188e+00
-7.541601220766703584e+00 -7.929988543192545869e+00
-7.515687028566996553e+00 -7.383074442545573213e+00
-7.568381309509277344e+00 -7.568601449330647490e+00
-7.660388390223185517e+00 -7.677695592244465850e+00
-7.614074428876240752e+00 -7.808896700541178681e+00
-7.621244986852009795e+00 -7.922050317128499053e+00
-7.706726511319478057e+00 -7.557725747426350615e+00
-7.677600224812825225e+00 -7.513674736022949219e+00
-7.550396839777628877e+00 -7.729372978210449219e+00
-7.740846157073974609e+00 -7.988755385080973603e+00
-7.798863887786865234e+00 -7.557858943939208984e+00
-7.762913147608439424e+00 -7.560823122660319306e+00
-7.536195755004882812e+00 -7.705485661824543975e+00
-7.743813355763752959e+00 -7.836235841115315459e+00
-7.791940291722615264e+00 -7.921708742777506806e+00
-7.957489053408305146e+00 -7.779282569885253906e+00
-8.098362604777017637e+00 -8.364161650339761778e+00
-8.314759929974874453e+00 -8.140109380086263613e+00
-8.376208504041036562e+00 -8.095425446828206972e+00
-8.509857614835103945e+00 -7.010815461476643584e+00
-8.002278010050455137e+00 -7.664611339569091797e+00
-8.200162132581075625e+00 -8.450957298278808594e+00
-8.787681102752685547e+00 -8.843957901000976562e+00
-8.637946565945943789e+00 -8.275259812672933535e+00
-8.735859235127767519e+00 -8.545795440673828125e+00
-8.146679600079854922e+00 -8.401408195495605469e+00
-8.723380088806152344e+00 -7.527338981628417969e+00
-8.638213197390237852e+00 -8.098577022552490234e+00
-8.931788086891174316e+00 -8.951409975687662168e+00
-9.295993089675903320e+00 -9.201020240783691406e+00
-9.624206145604452090e+00 -7.770907402038574219e+00
-9.609295527140298887e+00 -9.027823766072591738e+00
-9.375819961229959532e+00 -8.652362823486328125e+00
-9.753536701202392578e+00 -9.728654861450195312e+00
-9.979038317998250918e+00 -9.881548881530761719e+00
-9.904007514317830996e+00 -9.173711458841959043e+00
-9.574175993601480528e+00 -9.971184412638345762e+00
-1.008226227760314941e+01 -1.009502569834391217e+01
-9.109268506368001894e+00 -8.847756067911783262e+00
-9.741174618403116270e+00 -9.658810297648111387e+00
-1.028889425595601459e+01 -9.835100173950195312e+00
-1.018309005101521869e+01 -9.366440773010253906e+00
-1.046647961934407611e+01 -9.728457450866699219e+00
-1.014516512552897076e+01 -1.029994710286458393e+01
-1.000175678730010986e+01 -9.652196884155273438e+00
-9.734767754872640566e+00 -9.684132575988769531e+00
-1.010417493184407611e+01 -9.771593411763509707e+00
-1.049118542671203613e+01 -1.008933321634928326e+01
-1.049505623181661029e+01 -9.230505307515462832e+00
-9.897857666015625000e+00 -9.040246645609537168e+00
-1.040514294306437115e+01 -9.600463231404622988e+00
-1.058199914296468158e+01 -1.037908236185709576e+01
-1.082045507431030273e+01 -1.015108331044515033e+01
-1.053570636113484760e+01 -1.057476488749186139e+01
-1.090038474400838275e+01 -9.259130795796712832e+00
-1.062103652954101562e+01 -9.802900950113931700e+00
-1.022925778230031391e+01 -9.518181165059408144e+00
-1.088010271390279193e+01 -1.005588626861572266e+01
-1.063237126668294330e+01 -9.766904830932617188e+00
-1.106720590591430664e+01 -1.036201540629068951e+01
-1.083477965990702252e+01 -8.210939089457193418e+00
-1.031950330734252930e+01 -8.967848777770996094e+00
-1.034267314275105853e+01 -9.445854187011718750e+00
-1.032080737749735455e+01 -1.016542689005533795e+01
-1.067244505882263184e+01 -1.041967868804931641e+01
-1.128173907597859760e+01 -1.009049574534098248e+01
-1.081673359870910645e+01 -1.007265027364095111e+01
-1.092656056086222272e+01 -9.673545201619466738e+00
-1.048820654551188092e+01 -1.011858526865641217e+01
-1.007807139555613141e+01 -9.370915095011392637e+00
-1.091629401842753033e+01 -1.048260720570882221e+01
-1.102089349428812604e+01 -1.059635702768961529e+01
-1.138076090812683105e+01 -1.070427672068277936e+01
-1.080216685930887799e+01 -1.018107922871907611e+01
-1.087525836626688580e+01 -8.435234705607095762e+00
-1.051874971389770508e+01 -1.047081661224365234e+01
-1.124831970532735248e+01 -1.084155209859212299e+01
-1.135045345624287982e+01 -1.043802324930826764e+01
-1.144490154584248920e+01 -1.013424841562906842e+01
-1.124126338958740234e+01 -9.579139391581216856e+00
-1.087179994583129883e+01 -9.054265658060709043e+00
-1.128466288248697857e+01 -9.718785285949707031e+00
-1.113129885991414447e+01 -9.447684288024902344e+00
-1.144468434651692768e+01 -1.043436431884765625e+01
-1.165376853942871094e+01 -1.038622856140136719e+01
-1.167897478739420514e+01 -9.845893541971841856e+00
-1.125833559036254883e+01 -9.985455830891927675e+00
-1.136707631746927838e+01 -8.941110293070474668e+00
-1.089572914441426654e+01 -1.051371192932128906e+01
-1.076015535990397076e+01 -1.038418483734130859e+01
-1.107850257555643658e+01 -9.117160320281982422e+00
-1.152505723635355572e+01 -9.896222432454427675e+00
-1.155239899953206439e+01 -1.041198285420735736e+01
-1.186251950263977051e+01 -9.913220723470052675e+00
-1.189643923441568951e+01 -1.006077512105306049e+01
-1.178853257497151752e+01 -9.275840759277343750e+00
-1.103475157419840436e+01 -8.849699179331460996e+00
-1.132622218132019043e+01 -8.824254035949707031e+00
-1.119594375292460064e+01 -1.044770431518554688e+01
-1.166499018669128418e+01 -1.070345274607340436e+01
-1.199103538195292096e+01 -9.467785358428955078e+00
-1.164078418413797955e+01 -1.048497740427652936e+01
-1.208422064781188965e+01 -9.756646156311035156e+00
-1.210372948646545410e+01 -9.888658205668130918e+00
-1.164907058080037494e+01 -9.586060206095377012e+00
-1.166957839330037494e+01 -1.010163974761962891e+01
-1.202135610580444336e+01 -9.368307749430337950e+00
-1.176472647984822650e+01 -8.732943058013916016e+00
-1.147304320335388184e+01 -9.853304545084634825e+00
-1.179625916481018066e+01 -1.024620787302652936e+01
-1.212990069389343262e+01 -1.029717032114664654e+01
-1.171670722961425781e+01 -1.025627962748209576e+01
-1.198222374916076660e+01 -9.286115328470865293e+00
-1.212644338607788086e+01 -1.037761688232421875e+01
-1.216854977607727051e+01 -9.759364128112792969e+00
-1.197623078028360943e+01 -8.651435852050781250e+00
-1.206005430221557617e+01 -9.136887868245443300e+00
-1.152426854769388775e+01 -9.727721532185872988e+00
-1.142681018511454205e+01 -7.939140478769938447e+00
-1.116504224141438861e+01 -9.446151733398437500e+00
-1.167855771382649799e+01 -9.944127400716146425e+00
-1.217461681365966797e+01 -9.564465522766113281e+00
-1.230232365926106830e+01 -1.036212921142578125e+01
-1.234526761372884174e+01 -1.002663294474283795e+01
-1.193508720397949219e+01 -9.938603083292642637e+00
-1.212540133794148822e+01 -7.984532356262207031e+00
-1.142921058336893658e+01 -1.052022425333658795e+01
-1.241587320963541607e+01 -9.130183537801107363e+00
-1.159277383486429791e+01 -9.958933830261230469e+00
-1.222449024518330951e+01 -9.767355283101400332e+00
-1.256693140665690045e+01 -9.999529838562011719e+00
-1.219579990704854389e+01 -1.007335853576660156e+01
-1.242953268686930279e+01 -9.875354131062826113e+00
-1.183254416783650775e+01 -1.060396766662597656e+01
-1.222284770011901855e+01 -9.941033999125162168e+00
-1.221819448471069336e+01 -1.040624809265136719e+01
-1.251996143658955951e+01 -1.000893719991048236e+01
-1.236693890889485736e+01 -9.821596463521322207e+00
-1.195958320299784283e+01 -9.572405815124511719e+00
-1.161623946825663189e+01 -8.993945598602294922e+00
-1.205026245117187500e+01 -9.485705375671386719e+00
-1.248704250653584857e+01 -9.158279418945312500e+00
-1.112306356430053711e+01 -7.804391702016194365e+00
-1.071658333142598529e+01 -9.201577504475912050e+00
-1.132320872942606549e+01 -9.679383595784505800e+00
-1.215304525693257709e+01 -9.518117904663085938e+00
-1.244462434450785260e+01 -9.126020749409994082e+00
-1.246829883257547955e+01 -1.062465890248616596e+01
-1.259153072039286236e+01 -9.434294700622558594e+00
-1.236793462435404400e+01 -9.917950312296548887e+00
-1.270602226257324219e+01 -9.623999913533529238e+00
-1.287383762995401959e+01 -9.127269426981607481e+00
-1.289491756757100482e+01 -9.505581219991048769e+00
-1.272192136446634869e+01 -1.029282538096109967e+01
-1.256294560432434082e+01 -8.169902483622232481e+00
-1.184366035461425781e+01 -9.621465682983398438e+00
-1.277182579040527344e+01 -7.784946759541829131e+00
-1.225355919202168842e+01 -9.707407633463541075e+00
-1.220567409197489361e+01 -8.059445858001708984e+00
-1.194172875086466412e+01 -9.794970830281576113e+00
-1.278405467669169049e+01 -9.092089811960855528e+00
-1.254833420117696186e+01 -1.002109877268473248e+01
-1.265502731005350689e+01 -9.065357049306234316e+00
-1.178592713673909564e+01 -1.041153717041015625e+01
-1.283711926142374615e+01 -9.151814460754394531e+00
-1.280621449152628522e+01 -8.510658899943033262e+00
-1.262046607335408588e+01 -9.668884277343750000e+00
-1.285949699083963971e+01 -8.943853219350179629e+00
-1.247437985738118549e+01 -8.975971380869546934e+00
-1.263956530888875385e+01 -9.226360479990640684e+00
-1.283650096257527728e+01 -9.718944231669107481e+00
-1.248087183634440045e+01 -9.150557835896810488e+00
-1.185229412714640240e+01 -7.972439130147297881e+00
-1.221346735954284668e+01 -9.588363647460937500e+00
-1.225892456372578998e+01 -9.322092692057291075e+00
-1.179557601610819439e+01 -9.106051445007324219e+00
-1.214041924476623535e+01 -9.631323178609212832e+00
-1.287932531038920025e+01 -9.134005228678384825e+00
-1.268459510803222656e+01 -9.358009974161783262e+00
-1.262697601318359375e+01 -9.120729446411132812e+00
-1.336269148190816303e+01 -8.777241706848144531e+00
-1.317554450035095215e+01 -9.345344861348470644e+00
-1.294401486714681049e+01 -9.133374532063802675e+00
-1.303849458694458008e+01 -8.751380761464437441e+00
-1.308286190032958984e+01 -9.410436312357584043e+00
-1.331654612223307232e+01 -8.860520998636880918e+00
-1.243807264169057269e+01 -8.122881889343261719e+00
-1.095448541641235352e+01 -9.097945054372152285e+00
-1.189676125844319721e+01 -9.133114178975423769e+00
-1.291390744845072369e+01 -8.568958441416421934e+00
-1.298611513773600201e+01 -9.628341039021810488e+00
-1.306678676605224609e+01 -9.145830154418945312e+00
-1.323355579376220703e+01 -9.274149894714355469e+00
-1.314088837305704693e+01 -8.985370635986328125e+00
-1.294965942700703998e+01 -9.391732533772787050e+00
-1.319640199343363385e+01 -9.722634792327880859e+00
-1.246878504753112793e+01 -8.327372392018636660e+00
-1.209875996907552143e+01 -9.548037846883138613e+00
-1.315260839462280273e+01 -7.844012578328450225e+00
-1.285546676317850689e+01 -1.003515275319417377e+01
-1.321410624186197857e+01 -8.815042177836099668e+00
-1.292084900538126568e+01 -9.342003504435220762e+00
-1.309951925277709961e+01 -9.059151808420816465e+00
-1.275261131922403912e+01 -9.836984634399414062e+00
-1.294019556045532227e+01 -9.105126063028970762e+00
-1.313609123229980469e+01 -9.004649480183919863e+00
-1.353167009353637695e+01 -8.710975805918375059e+00
-1.293680914243062396e+01 -7.784586111704508760e+00
-1.347589874267578125e+01 -8.912168820699056582e+00
-1.330463639895121197e+01 -8.836725234985351562e+00
-1.359050218264261822e+01 -8.529939174652099609e+00
-1.312811040878295898e+01 -9.264105478922525450e+00
-1.149605449040730853e+01 -9.458880742390951113e+00
-1.235515371958414654e+01 -8.905015945434570312e+00
-1.294886390368143658e+01 -1.029351488749186139e+01
-1.320345203081766705e+01 -8.509009361267089844e+00
-1.359641838073730469e+01 -8.409509817759195371e+00
-1.345737957954406738e+01 -8.329361438751220703e+00
-1.347611594200134277e+01 -9.416213989257812500e+00
-1.271988209088643451e+01 -8.903222560882568359e+00
-1.287413207689921002e+01 -8.454581896464029356e+00
-1.331990694999694824e+01 -9.308311939239501953e+00
-1.299640401204427143e+01 -9.425276120503744082e+00
-1.249638589223225971e+01 -1.053702688217163086e+01
-1.332107289632161518e+01 -9.089512189229330019e+00
-1.305080731709798236e+01 -9.495253721872964903e+00
-1.358309006690979004e+01 -8.966817855834960938e+00
-1.301161289215087891e+01 -9.118691444396972656e+00
-1.352658716837565045e+01 -8.511253833770751953e+00
-1.313193798065185547e+01 -8.710843086242675781e+00
-1.319091399510701557e+01 -9.413263956705728575e+00
-1.329955228169759174e+01 -8.305767377217611269e+00
-1.285194698969523053e+01 -7.874775886535644531e+00
-1.301578251520792584e+01 -8.456971327463785215e+00
-1.315790367126464844e+01 -8.784450531005859375e+00
-1.298635705312093158e+01 -8.189905325571695371e+00
-1.343042929967244525e+01 -7.386753877003987334e+00
-1.281505648295084576e+01 -8.479670047760009766e+00
-1.378890800476074219e+01 -7.862262407938639619e+00
-1.287185359001159668e+01 -9.132376194000244141e+00
-1.272349850336710553e+01 -8.928994814554849668e+00
-1.347794373830159564e+01 -9.075067520141601562e+00
-1.347118894259134869e+01 -9.036282857259115175e+00
-1.325847593943277936e+01 -8.230266729990640684e+00
-1.379890934626261334e+01 -8.373268922170003847e+00
-1.328518120447794537e+01 -8.922271410624185606e+00
-1.354332423210144043e+01 -8.939850807189941406e+00
-1.371428410212198834e+01 -8.713951746622720762e+00
-1.336623978614807129e+01 -9.145375887552896543e+00
-1.330390715599060059e+01 -9.718638420104980469e+00
-1.371668497721354107e+01 -9.024366696675619082e+00
-1.283781838417053223e+01 -7.895168940226237275e+00
-1.361917217572530170e+01 -8.219898541768392519e+00
-1.396260714530944824e+01 -9.108283678690591856e+00
-1.346948949495951275e+01 -7.544706662495930694e+00
-1.345380640029907227e+01 -8.495432853698730469e+00
-1.361703141530354877e+01 -8.694634437561035156e+00
-1.338258854548136334e+01 -9.611505508422851562e+00
-1.319529064496358295e+01 -9.838047981262207031e+00
-1.282083384195963482e+01 -8.257835070292154356e+00
-1.287537463506062885e+01 -8.313608805338541075e+00
-1.239184093475341797e+01 -8.142017205556234316e+00
-1.377932103474934955e+01 -9.404333750406900450e+00
-1.396343700091044049e+01 -9.860308170318603516e+00
-1.417064563433329205e+01 -8.370403448740640684e+00
-1.413370243708292584e+01 -7.854963779449462891e+00
-1.436198838551839252e+01 -8.570316791534423828e+00
-1.320782057444254498e+01 -9.273818969726562500e+00
-1.345001753171285053e+01 -7.991009235382080078e+00
-1.324493972460428814e+01 -8.915454705556234316e+00
-1.270101904869079590e+01 -8.895427703857421875e+00
-1.360277462005615234e+01 -8.615948677062988281e+00
-1.438626948992411236e+01 -8.494982083638509707e+00
-1.380325420697530170e+01 -9.077709833780923887e+00
-1.376395169893900494e+01 -8.610084851582845644e+00
-1.434730728467305561e+01 -8.438590208689371153e+00
-1.385496624310811420e+01 -1.006067371368408203e+01
-1.360810097058614154e+01 -8.575569311777750059e+00
-1.359859601656595807e+01 -9.167386372884115175e+00
-1.349309937159220318e+01 -8.984112421671548887e+00
-1.242437720298767090e+01 -7.127558072408040069e+00
-1.212375354766845703e+01 -9.394914309183755918e+00
-1.381397906939188580e+01 -8.206031481424966856e+00
-1.339968808492024799e+01 -8.538624127705892519e+00
-1.400890207290649414e+01 -8.406134605407714844e+00
-1.424089805285135846e+01 -8.307624499003091856e+00
-1.404662434260050397e+01 -8.639207204182943300e+00
-1.369879500071207623e+01 -8.041609764099121094e+00
-1.408800379435221295e+01 -8.402924378712972597e+00
-1.337006783485412598e+01 -8.762502034505208925e+00
-1.391543714205423932e+01 -8.468669891357421875e+00
-1.406545106569925885e+01 -8.132491429646810488e+00
-1.413633934656778912e+01 -8.963876088460287050e+00
-1.418213955561319928e+01 -9.235244750976562500e+00
-1.353945620854695697e+01 -8.653195699055990175e+00
-1.383934140205383301e+01 -8.843666712443033262e+00
-1.358519792556762695e+01 -9.286457697550455137e+00
-1.424193541208902936e+01 -7.181017557779948213e+00
-1.388017074267069439e+01 -7.890080134073893525e+00
-1.379803800582885742e+01 -9.427420298258462950e+00
-1.332538342475891113e+01 -8.585144678751627012e+00
-1.288193051020304303e+01 -7.852506478627522490e+00
-1.310086186726888080e+01 -8.287899494171142578e+00
-1.383780479431152344e+01 -9.097722371419271425e+00
-1.439718834559122662e+01 -9.538019180297851562e+00
-1.375025804837544818e+01 -8.946684201558431582e+00
-1.348053328196207623e+01 -8.207775274912515684e+00
-1.324593536059061627e+01 -8.344374497731527285e+00
-1.241885304450988770e+01 -7.633366743723551728e+00
-1.378164553642272949e+01 -9.672436714172363281e+00
-1.416747363408406635e+01 -9.765185197194417910e+00
-1.420107054710388184e+01 -8.089603741963705019e+00
-1.434839908281962018e+01 -7.651154200236002900e+00
-1.449877492586771588e+01 -7.864212671915690400e+00
-1.339130210876464844e+01 -8.979982217152914004e+00
-1.321052591005961041e+01 -9.052164077758789062e+00
-1.404975167910257916e+01 -8.384321848551431700e+00
-1.403315464655558209e+01 -8.226510365804037050e+00
-1.341662565867106061e+01 -9.729189872741699219e+00
-1.432989700635274311e+01 -8.434455871582031250e+00
-1.479335165023803711e+01 -8.239067554473876953e+00
-1.447556408246358295e+01 -9.627080440521240234e+00
-1.393082221349080463e+01 -9.036709467569986387e+00
-1.466994953155517578e+01 -9.187448978424072266e+00
-1.458953404426574707e+01 -8.601281801859537168e+00
-1.464267969131469727e+01 -8.401385625203451113e+00
-1.353675548235575299e+01 -8.639094670613607363e+00
-1.313070646921793561e+01 -8.383002758026123047e+00
-1.428116901715596576e+01 -8.872963269551595644e+00
-1.348323901494344135e+01 -8.362538019816080137e+00
-1.352942419052124023e+01 -9.348405361175537109e+00
-1.454561368624369244e+01 -8.502461751302083925e+00
-1.424094796180725098e+01 -8.798696517944335938e+00
-1.394614569346109967e+01 -9.436524232228597597e+00
-1.376050511995951275e+01 -8.564078648885091738e+00
-1.429114929835001568e+01 -8.251292546590169863e+00
-1.341348346074422260e+01 -7.498816808064778350e+00
-1.405328369140625000e+01 -7.909261862436930635e+00
-1.378369951248168945e+01 -8.321240107218423887e+00
-1.461503108342488666e+01 -9.143420537312826113e+00
-1.486207119623819928e+01 -8.903093020121255918e+00
-1.413667559623718262e+01 -8.473407109578451113e+00
-1.412625765800476074e+01 -8.505321502685546875e+00
-1.488885227839151959e+01 -8.328564961751302675e+00
-1.473629728953043561e+01 -8.939013481140136719e+00
-1.335055446624755859e+01 -7.597565968831379912e+00
-1.379282522201538086e+01 -8.346490701039632754e+00
-1.433092443148295025e+01 -8.929102897644042969e+00
-1.470262026786804199e+01 -8.673559506734212832e+00
-1.455179611841837506e+01 -8.942964394887289004e+00
-1.499218273162841797e+01 -7.939127286275227569e+00
-1.421037260691324811e+01 -7.581724007924397490e+00
-1.480612222353617291e+01 -8.365995566050210996e+00
-1.485043724377950092e+01 -8.903289794921875000e+00
-1.445676811536153217e+01 -7.774640719095866181e+00
-1.451170603434244732e+01 -9.202135880788167910e+00
-1.472223464647928814e+01 -8.370521863301595644e+00
-1.398281884193420410e+01 -8.136281013488769531e+00
-1.406325578689575195e+01 -7.941239039103190400e+00
-1.474079052607218365e+01 -8.365943431854248047e+00
-1.437586394945780377e+01 -6.797773202260334990e+00
-1.369701711336771588e+01 -9.433355808258056641e+00
-1.441855796178182025e+01 -8.245298226674398379e+00
-1.472157208124796490e+01 -9.080567995707193418e+00
-1.494987177848815918e+01 -8.226518948872884707e+00
-1.499995382626851459e+01 -7.252653598785400391e+00
-1.440633169809977154e+01 -8.263755798339843750e+00
-1.388681054115295410e+01 -6.262629985809326172e+00
-1.263328091303507428e+01 -8.805492560068765684e+00
-1.336516777674357037e+01 -8.117375055948892637e+00
-1.363980984687805176e+01 -8.808222770690917969e+00
-1.467412002881368061e+01 -1.062621180216471295e+01
-1.486535978317260742e+01 -8.523591518402099609e+00
-1.442782155672709088e+01 -7.459169705708821319e+00
-1.455359673500061035e+01 -7.897617340087890625e+00
-1.515673001607259174e+01 -8.432177225748697325e+00
-1.528706947962442975e+01 -8.059619903564453125e+00
-1.379752254486083984e+01 -9.008628050486246153e+00
-1.339517156283060650e+01 -9.952805360158285097e+00
-1.447331372896830182e+01 -7.904284318288167022e+00
-1.441290911038716693e+01 -8.467002073923746153e+00
-1.421362026532491107e+01 -7.845917542775471709e+00
-1.447905937830607037e+01 -8.727308432261148496e+00
-1.429619503021240234e+01 -8.953568776448568300e+00
-1.451888449986775775e+01 -8.594885508219400450e+00
-1.443598659833272357e+01 -8.963633060455322266e+00
-1.423715941111246686e+01 -8.507935365041097597e+00
-1.452798008918762207e+01 -8.103792190551757812e+00
-1.450324678421020508e+01 -8.769053936004638672e+00
-1.521911764144897461e+01 -8.903567949930826231e+00
-1.485691817601521869e+01 -8.688942591349283262e+00
-1.502647598584493061e+01 -8.487319310506185488e+00
-1.497960742314656635e+01 -7.988120396931965850e+00
-1.517776878674825092e+01 -8.134690920511880918e+00
-1.502187116940816303e+01 -8.812404950459798769e+00
-1.521816833813985248e+01 -8.413223902384439512e+00
-1.487262829144795795e+01 -8.674997647603353457e+00
-1.506451630592346191e+01 -7.318587779998779297e+00
-1.487181099255879779e+01 -8.953584353129068418e+00
-1.457013297080993652e+01 -9.011301994323730469e+00
-1.474015196164449115e+01 -8.550389289855957031e+00
-1.485617486635843854e+01 -7.681297620137532256e+00
-1.543818767865498920e+01 -8.034224351247152285e+00
-1.419221107165018658e+01 -8.615481535593668028e+00
-1.416314856211344342e+01 -8.773350874582925840e+00
-1.430347641309102436e+01 -9.195665359497070312e+00
-1.507447663942972760e+01 -8.245273907979330019e+00
-1.469696529706319232e+01 -9.248274167378744082e+00
-1.490908845265706439e+01 -8.130276044209798769e+00
-1.536531615257263184e+01 -8.941026528676351504e+00
-1.349305129051208496e+01 -8.678028106689453125e+00
-1.516134667396545410e+01 -8.373301029205322266e+00
-1.558992266654968262e+01 -8.130448341369628906e+00
-1.575154232978820801e+01 -7.201980272928873994e+00
-1.518990405400594135e+01 -7.919071992238362334e+00
-1.371652261416117291e+01 -8.295317490895589785e+00
-1.436040250460306744e+01 -8.388261159261068300e+00
-1.490849065780639648e+01 -7.808586597442626953e+00
-1.523101282119750977e+01 -8.506368637084960938e+00
-1.544915056228637695e+01 -7.939050992329915069e+00
-1.547449318567911725e+01 -8.787066459655761719e+00
-1.509375540415445904e+01 -8.095130125681558653e+00
-1.466047191619873047e+01 -9.845524946848550840e+00
-1.453998374938964844e+01 -8.384347438812255859e+00
-1.562401151657104492e+01 -8.230092207590738340e+00
-1.551385823885599713e+01 -8.546324412027994200e+00
-1.536558302243550678e+01 -8.808425267537435488e+00
-1.540400950113932232e+01 -8.266965866088867188e+00
-1.545047632853190045e+01 -8.369815985361734434e+00
-1.543058260281880756e+01 -7.407439072926838897e+00
-1.502375197410583496e+01 -8.718391259511312441e+00
-1.465944910049438477e+01 -8.695013364156087832e+00
-1.467971706390380859e+01 -8.162670771280923887e+00
-1.464123241106669049e+01 -8.004661877950033144e+00
-1.443669509887695312e+01 -7.752085844675700166e+00
-1.513969119389851947e+01 -7.980483690897623994e+00
-1.486058338483174701e+01 -6.762489477793375947e+00
-1.346223942438761334e+01 -7.732212225596110322e+00
-1.484936436017354389e+01 -8.242738087972005800e+00
-1.538782421747843365e+01 -8.234575589497884707e+00
-1.536314225196838379e+01 -8.565439860026041075e+00
-1.407265655199686627e+01 -7.980334758758544922e+00
-1.447722260157267193e+01 -7.730470498402913115e+00
-1.506148966153462787e+01 -8.428785006205240293e+00
-1.560890746116638184e+01 -8.474388599395751953e+00
-1.524617894490559955e+01 -7.762319882710774444e+00
-1.520784529050191303e+01 -7.910526116689045928e+00
-1.542654053370157818e+01 -8.561087926228841738e+00
-1.494594629605611225e+01 -8.799302577972412109e+00
-1.488969612121582031e+01 -7.655614217122395537e+00
-1.610807148615519324e+01 -7.788916746775309541e+00
-1.541406424840291400e+01 -8.038236935933431582e+00
-1.401484187444051166e+01 -9.934812386830648379e+00
-1.296961212158203125e+01 -8.696934223175048828e+00
-1.424514253934224506e+01 -8.561072031656900450e+00
-1.379770167668660541e+01 -8.088029066721597715e+00
-1.501329676310221295e+01 -8.131478786468505859e+00
-1.566203721364339252e+01 -8.528664588928222656e+00
-1.526097512245178223e+01 -7.858478705088297822e+00
-1.534165008862813373e+01 -8.386432329813638731e+00
-1.543953013420104980e+01 -8.595211029052734375e+00
-1.446415869394938092e+01 -8.356370131174722715e+00
-1.432077487309773822e+01 -7.928979078928629853e+00
-1.413151764869689941e+01 -7.862545331319172881e+00
-1.475032901763916016e+01 -8.822027206420898438e+00
-1.575413282712300678e+01 -8.628427823384603457e+00
-1.520789488156636615e+01 -7.907201449076334931e+00
-1.594603482882181744e+01 -7.390660762786865234e+00
-1.593912776311238666e+01 -7.576490084330241181e+00
-1.599832590421040912e+01 -8.397534847259521484e+00
-1.537823732693990131e+01 -9.645164648691812559e+00
-1.537295047442118268e+01 -7.829958120981852510e+00
-1.523815759023030658e+01 -8.092508316040039062e+00
-1.547504639625549316e+01 -8.067457040150960879e+00
-1.525651288032531738e+01 -1.038318347930908203e+01
-1.533455355962117572e+01 -8.016258875528970762e+00
-1.574513665835062604e+01 -8.082544485727945371e+00
-1.591061989466349225e+01 -7.695788065592448213e+00
-1.613322464625040809e+01 -7.390010515848795869e+00
-1.631720964113871375e+01 -7.887061278025309541e+00
-1.585572520891825299e+01 -7.522918383280436494e+00
-1.541849287350972553e+01 -8.131842613220214844e+00
-1.574842007954915424e+01 -7.819961706797282197e+00
-1.463011018435160260e+01 -8.329713662465414004e+00
-1.374402189254760742e+01 -6.569716135660807588e+00
-1.168507011731465717e+01 -7.738325436909993194e+00
-1.312444925308227539e+01 -7.940441926320393584e+00
-1.472785441080729107e+01 -8.780753930409749941e+00
-1.468339125315348248e+01 -6.952277819315592744e+00
-1.429626218477884869e+01 -8.016277313232421875e+00
-1.482092007001241107e+01 -7.719046274820963838e+00
-1.470992469787597656e+01 -7.193946997324625947e+00
-1.423347640037536621e+01 -7.106793403625488281e+00
-1.513939674695332904e+01 -8.093940893809000059e+00
-1.532252732912699322e+01 -8.776827494303384825e+00
-1.513037896156311035e+01 -7.966501712799072266e+00
-1.455041503906250000e+01 -8.172600269317626953e+00
-1.445212157567342182e+01 -7.308146635691325166e+00
-1.553549361228942871e+01 -7.154012521107991240e+00
-1.539873703320821186e+01 -7.369851907094319365e+00
-1.562865638732910156e+01 -8.151197274525960879e+00
-1.587319509188334088e+01 -7.478862921396891572e+00
-1.626122069358825684e+01 -7.528888384501139619e+00
-1.485687812169392963e+01 -7.924044768015543916e+00
-1.552973556518554688e+01 -8.958074728647867246e+00
-1.532810338338216205e+01 -7.389228185017903350e+00
-1.410872578620910645e+01 -7.098905245463053681e+00
-1.428394405047098736e+01 -7.866156260172526338e+00
-1.595964519182840924e+01 -7.571299870808918975e+00
-1.623195139567057410e+01 -8.058968861897787050e+00
-1.562574315071105957e+01 -8.185622851053873106e+00
-1.507381256421407123e+01 -7.325686295827229522e+00
-1.604813098907470703e+01 -7.485441843668620088e+00
-1.621949450174967566e+01 -7.061801910400390625e+00
-1.590829006830851178e+01 -7.704008420308430694e+00
-1.643920254707336426e+01 -8.014931042989095644e+00
-1.616206606229146203e+01 -7.960011959075927734e+00
-1.597926561037699322e+01 -6.878697395324707031e+00
-1.484409022331237793e+01 -7.959719022115071319e+00
-1.465542976061503033e+01 -7.896328767140706084e+00
-1.427945836385091205e+01 -8.104918162027994200e+00
-1.580041384696960449e+01 -7.350215593973795869e+00
-1.528369053204854389e+01 -8.349187692006429629e+00
-1.632672516504923621e+01 -7.324559211730957031e+00
-1.578543607393900494e+01 -7.590238094329833984e+00
-1.590049878756205182e+01 -7.910992940266926787e+00
-1.614641920725504676e+01 -8.230754693349203066e+00
-1.501063092549641986e+01 -7.272671063741047881e+00
-1.576160105069478412e+01 -8.057168801625570254e+00
-1.572495118776957135e+01 -7.334715048472086885e+00
-1.570115073521932025e+01 -7.411437193552653291e+00
-1.602541049321492395e+01 -7.917893409729003906e+00
-1.547829604148864746e+01 -8.634598573048910097e+00
-1.366153192520141602e+01 -9.190952142079671816e+00
-1.542865856488545795e+01 -7.523095130920410156e+00
-1.424254457155863385e+01 -8.224925200144449278e+00
-1.603077769279479980e+01 -8.212746620178222656e+00
-1.583922115961710553e+01 -7.906298319498698213e+00
-1.613336904843648156e+01 -7.158173878987629912e+00
-1.611429397265116492e+01 -7.514688650767008760e+00
-1.547402946154276471e+01 -7.910429318745930694e+00
-1.581522480646769147e+01 -8.319601535797119141e+00
-1.595576421419779400e+01 -7.363411903381347656e+00
-1.534257197380065918e+01 -9.013145128885904356e+00
-1.613853025436401367e+01 -7.023282210032145478e+00
-1.622677652041117469e+01 -7.617112477620442412e+00
-1.580034724871317486e+01 -7.357258478800456025e+00
-1.572790869077046771e+01 -8.137139797210693359e+00
-1.546459714571634869e+01 -8.370846112569173769e+00
-1.598274127642313580e+01 -7.639194011688232422e+00
-1.556270051002502441e+01 -7.992311159769694306e+00
-1.622343079249064246e+01 -6.971423149108886719e+00
-1.573804418245951275e+01 -7.633849620819091797e+00
-1.544885389010111432e+01 -7.961251258850097656e+00
-1.640099493662516394e+01 -7.059894084930419922e+00
-1.587413295110066791e+01 -6.946830431620280244e+00
-1.481743311882019043e+01 -8.292332331339517637e+00
-1.571848519643147846e+01 -8.951621373494466738e+00
-1.645900265375773230e+01 -7.314716815948486328e+00
-1.506644749641418457e+01 -7.368251641591389678e+00
-1.505768632888793945e+01 -7.583957831064860322e+00
-1.511041426658630371e+01 -7.740974585215250947e+00
-1.515388488769531250e+01 -7.318633874257405303e+00
-1.575998218854268451e+01 -8.848813374837240175e+00
-1.652531003952026367e+01 -7.296083450317382812e+00
-1.685048484802246094e+01 -7.652491251627604463e+00
-1.366606084505716900e+01 -7.949645996093750000e+00
-1.589809592564900775e+01 -7.445591131846110322e+00
-1.611349678039550781e+01 -7.438490072886149385e+00
-1.656909489631652832e+01 -7.734545071919758819e+00
-1.557601292928059955e+01 -7.407677968343098662e+00
-1.621975215276082238e+01 -6.853695710500081084e+00
-1.653436644872029504e+01 -8.114604473114013672e+00
-1.725102361043294152e+01 -9.445386409759521484e+00
-1.723950926462809363e+01 -7.120222886403401397e+00
-1.698765301704406738e+01 -8.179356416066488222e+00
-1.632746799786885461e+01 -6.882565657297770478e+00
-1.479190341631571393e+01 -7.668712139129638672e+00
